idw.asc
NCOLS 251
NROWS 251
XLLCORNER 2
YLLCORNER 3
CELLSIZE 1
NODATA_VALUE -99999
[rows 228 to 246 of 251, columns 132 to 175 of 251]
109.33777329759633 109.57805981597431 109.74163267841288 109.78948961449451 109.86531760318726 109.9699962873047 110.0679257418295 110.2919169767049 110.50703080815298 110.63548705315972 110.71377437594661 110.78718974335561 111.25136071567943 111.82702326917892 112.40332658663955 112.55277998497684 112.76007761600803 113.38021666454563 114.02993019856311 114.33765127174726 114.493653059183 115.10581696946615 115.74507441586134 116.21958727666154 116.83384697215355 117.40349126852257 117.82436724433457 118.07847538310456 118.10058630180214 118.50385747230851 119.19068482256617 119.86979911162683 120.4928760270399 121.12628854250843 121.58840757185715 122.00977722216031 122.29019910486163 122.50607187415505 122.61259561585825 122.74201987803747 123.00821366445561 123.28991960872406 123.46282983838022 123.91368205759575
108.635690615213 108.75610574608956 108.91839754796085 109.12170524697484 109.11561237681433 109.1049705871311 109.38573265683063 109.73080911974532 110.12902313608444 110.35430120132779 110.44224302343262 110.43320157512001 110.75597335973866 111.28445270120714 111.93469498059024 112.30244785766365 112.5871817535245 113.08179224229724 113.67350312708716 114.09703235483506 114.40694655623945 114.82841005071316 115.2516557669957 115.82519778575585 116.42653571088475 117.09024739232646 117.54360403648954 117.80362606609678 117.76609677889618 118.05574377080947 118.68677071413394 119.38257736303517 119.94423388079133 120.38380959023627 121.04058690813322 121.42745619549227 121.83715525727601 122.0284079327411 122.23470750224774 122.4259090911254 122.6720533606845 122.9118111818595 123.08276242705742 123.33281386269938
107.96490060871272 107.97419924331653 108.09817395357315 108.20029966011656 108.23326353120031 108.14208252163303 108.2929953100217 108.75859736404512 109.27394764209464 109.63725576017994 109.78522257192313 109.73611678819141 109.80646196537404 110.30259659622803 111.01485768708262 111.63093621906214 112.10509473519478 112.65845047150516 113.17870483814914 113.61760415008347 113.94788374349692 114.38270717948248 114.76825471025717 115.19420896288662 115.88674705304211 116.54705646338093 117.17671689953322 117.59469466968226 117.76852202093751 117.94313415515997 118.38863529107148 118.86258447218964 119.44740997164847 119.90254969081843 120.53442940088081 120.99315673073991 121.45421450689568 121.65297833984037 121.9289443198879 122.09331807599669 122.26776561469298 122.54872529752397 122.73083071237986 122.92808955571208
107.22640787702808 107.42875207401838 107.45492010209942 107.4136060557804 107.17011842420219 106.92564744945768 106.83481558529657 107.2414653876916 108.11461645139953 108.7645569268132 108.98575744457986 108.77519319264253 108.46701499805839 108.881924213607 109.90620565377087 110.81153294447967 111.490171879287 112.03758511781973 112.54996407190302 112.97322538188843 113.38822560875991 113.85126790471321 114.22815684876254 114.66120539843904 115.19916972648525 115.81492625229563 116.49403627775219 117.14814085990572 117.47549337166784 117.7278979385556 118.0016494115866 118.39925908546245 119.02642845826637 119.4449176969058 120.02193110082409 120.46458368855383 120.75552338980236 121.22531375677644 121.54256793773602 121.72354199669603 121.96846319194299 122.16588357982342 122.30541689372151 122.49821544222839
106.50490177381378 106.64166203290107 106.70723202675151 106.78358127614658 106.55343392526014 105.98829393858496 105.49150012560433 105.90940907558095 107.04534984857236 107.9336554044225 108.316448708671 108.03463290105675 107.45827702784153 107.82950016216235 109.0095630144095 110.11654995880603 110.81688781467625 111.37830299941055 111.9153624235675 112.29872349641096 112.7454423814638 113.09387592791603 113.56669595272831 114.00257751279315 114.54229428055021 115.1288578971419 115.77330186352542 116.23209079889676 116.77948763423258 117.12704142619265 117.50227950996494 117.88966895653542 118.36546396793008 118.9161833541395 119.31878627320907 119.87635991352245 120.18066185194377 120.61466578325313 121.21355161455743 121.41686812319367 121.7111273121402 121.84890309093115 121.94930674550017 122.02449360865079
105.57767692823656 105.78763998937454 106.21586835445127 106.36935892192652 106.20767068727173 105.71191497314081 105.23217148999386 105.53600668416442 106.55020044467541 107.28412699912379 107.73605005616231 107.82692270777264 107.59360593971454 107.86288427071177 108.69816236539488 109.61549045779198 110.28981217770959 110.78868576876009 111.16498088592624 111.5932216886956 111.97742892762955 112.30884906032509 112.79613846665399 113.24859407398401 113.73408336868907 114.27994008858721 114.91501164103703 115.42872633403307 115.8205601381777 116.4057434349156 116.77408619346527 117.38479402342212 117.82986609357931 118.2350589308393 118.93545968657494 119.4454610167564 119.7695530857675 120.06455272274941 120.80577927112614 121.03801183776656 121.42056157188323 121.56373849386293 121.6468599043784 121.64402082709009
104.63892685711262 105.16749252430877 105.448186488601 105.79508031522343 105.9473687245188 105.76933611647978 105.6139770794848 105.79910611791954 106.17404414031584 106.6476511020138 106.98321459676163 107.4204585441229 107.7117035540726 108.04613297176031 108.62608869774658 109.22672944616818 109.8369204182924 110.22659007511353 110.49282165971377 110.724752137552 111.10907892904356 111.42630192614963 111.92733593047414 112.43684423396984 112.9547244713918 113.52717072969708 114.04003038475575 114.60468020869943 115.01769017166664 115.45321978845641 116.14551741358673 116.58379573438665 117.22316532784734 117.71156372505747 118.18279929474477 119.02052178358637 119.36637817797231 119.68841321705541 120.20855383672716 120.77853033371032 121.07581405659033 121.26482849181151 121.39739005491535 121.43430169440224
103.76463403091033 104.2765327002248 104.96068857116695 105.26484047714378 105.717636595088 105.73055009189711 105.70076153084868 105.74423106737542 105.67622517883648 105.67042923464999 105.79336768407312 106.3534464217681 107.18443140169673 107.78075888297181 108.37878646855752 108.89321170910208 109.31589608988723 109.59689940824647 109.8507918930671 109.91343806582378 110.09925338916149 110.4654122765708 111.00035015502249 111.59033326289416 112.25291816368531 112.92001888573267 113.32786190273764 113.69128536763439 114.1773997756305 114.67746242494347 115.19964053594941 116.03315130633432 116.6058147577655 117.23332188217921 117.72226041632084 118.48898248443511 118.85750285221687 119.20732732743845 119.6746978101392 120.36769104235242 120.64695073503975 120.98028896348482 121.18566944061992 121.35545092937653
102.75351071602525 103.4758972777459 104.34194077100402 104.77440046275582 105.25890869692404 105.46208730734547 105.41799272858422 105.19945792521183 104.78582371917328 104.15658173009045 104.03060472940301 104.81729919934413 106.06730881766259 107.11037210690823 107.87293284278653 108.41227253448638 108.89713320188562 109.10982484832847 109.15297978747213 109.09899553302867 109.18693003815618 109.47833700808273 110.0472890079115 110.79572919067094 111.61485192340966 112.39681277415411 112.87561840478998 113.09112346288987 113.45949126926375 114.06477449322033 114.64907229012698 115.53046955839078 116.12964778984049 116.64642321240957 117.26788585660923 117.84140167541811 118.44831626912251 118.93794896222056 119.33767640606732 119.74543734341879 120.32445110747074 120.59212029712693 120.89494162752094 121.19452336179086
101.65311021365952 102.62696428236961 103.5014567879849 104.2385605738624 104.58318523673357 105.08017119929363 105.00718758607339 104.65106953112125 103.93634588553985 102.81964039912985 102.37495238063529 103.48946530282396 105.09938154034391 106.39669769594673 107.21847042074785 108.0040405195192 108.41563281602471 108.63722154022032 108.6282174182222 108.40861505366505 108.42237751245604 108.75398563379508 109.10939576101394 109.96742188797322 111.16887457264751 112.23065730431424 112.77987762570015 112.85903429949478 113.05761507958128 113.57955718479094 114.13169050113106 114.90568468067057 115.7411754288295 116.25102625188416 116.68599107822962 117.39511689794051 117.80691257621288 118.55000075309988 118.93829300630094 119.34627884766003 119.8357852448884 120.19398530732423 120.48860882471543 120.7098458639016
100.49691106644964 101.82737901265983 102.86043561399369 103.52326848732092 104.11481571254554 104.42690833221764 104.63601106094083 104.30154861872187 103.59291256060473 102.67850097206826 102.29943260018739 103.2632935899136 104.66168466074316 105.88164267340683 106.79096021123246 107.47701974557503 108.02625839860214 108.3294251265175 108.3988453240194 108.21558992782755 108.18822322575592 108.447578320987 108.59182922844742 109.49258940933098 110.74988258332341 112.03057087160545 112.71647028688227 112.83947445334745 112.96763850388461 113.32225468796555 113.8627887458215 114.4488462245126 115.2210709413229 115.80218210799725 116.22454280300529 116.8012614920605 117.36220228012513 118.14531364723733 118.5719842327465 118.88402965819851 119.36892767907011 119.61788659154632 119.89540759765896 120.15573353492185
99.77410733755687 101.20220844626763 102.31055065504758 103.02106518665678 103.66650519045841 103.9065217835174 104.07550388909935 104.02816375855916 103.77499024516545 103.28848228142431 103.2181301291546 103.76535688257323 104.68124777545994 105.51517485418294 106.37231872501482 106.89506327047928 107.4288718024443 107.97365220385919 108.21293029528475 108.30233682709401 108.41129246513863 108.5090409587023 108.66484622836994 109.38878014907841 110.51821591046576 111.64446983982164 112.34135567170746 112.73698136793176 112.93063434255323 113.22534473607756 113.57512920720313 114.18682537457515 114.5497849712959 115.0743115006059 115.7246971391816 116.31162117283635 116.77984638495114 117.35862983055128 118.09390731111155 118.40699487650343 118.81684204993726 119.0537796426337 119.25573900705096 119.49578018897914
99.48875088514298 100.67658381832912 101.88781565550524 102.57968351589284 103.04867046754605 103.50955779941697 103.75647671842809 103.862499168421 103.79195990051569 103.75332558121147 103.77885077186906 104.1381580479128 104.69840136717211 105.20425530332021 105.8486619415874 106.2021008521045 106.605933275476 107.28358318855862 107.75399147341221 108.17760661549023 108.45816788496272 108.65777199023485 108.9309895788181 109.52312494695627 110.34872994678454 111.24325063125347 111.87886450481736 112.39893973869314 112.74662750512249 113.12205237021936 113.39931124895514 113.71053557017287 114.11454592279824 114.53837454255638 114.92542591697922 115.65023014641685 116.18209679466182 116.93476149238775 117.52663181843866 117.8034247597951 118.02891314210973 118.3021302619936 118.49581396501326 118.75415039723065
99.52673631136784 100.48649982621514 101.2774329191255 102.19036785407548 102.62190136359571 103.09063046389596 103.23163777810535 103.43152626749185 103.65317332295413 103.66190553249857 103.73712622969713 104.10634226512283 104.3316637982829 104.69481035452621 104.7378547943766 105.200997059117 105.61378654587284 106.35360147166682 107.05105103350738 107.65391960090639 108.1768121317233 108.62172058133204 109.00433354727375 109.57237901353612 110.27465031488921 110.99415936585112 111.5631144479803 111.99541488626771 112.50781615830607 112.79681957679237 113.09464464488914 113.23498601774514 113.44846051131185 113.70347160388978 114.21947888945584 114.85591893741469 115.55558719954206 116.32039367966874 116.7321780162421 117.15533239174165 117.3147484366648 117.52398452778021 117.81826247392068 118.10678287008176
99.47831855484716 100.37264322004695 101.00166958974135 101.82580734467926 102.18736705984904 102.62427573566596 102.7436475318274 102.96132660952738 103.09404977556532 103.29231870965948 103.21884537323444 103.34090960112648 103.58444712292574 103.82097813025354 103.75347545905126 103.8219364274327 104.17616482526225 104.9693170515793 106.02779023647933 106.91283488935669 107.61412879906774 108.25841208707779 108.75828518333357 109.36290775461539 110.13823661861656 110.79507457504798 111.33082419731629 111.78719647419005 112.26474356147492 112.69579003346554 112.95461795993204 112.9774754906844 112.94221738323475 112.99424956206408 113.53863373124878 114.30188396248786 115.1154805574397 115.7062745586068 116.26340467726932 116.62366139424029 116.63555459292883 116.73303167693109 116.91070013614593 117.24535498267467
99.29655088935401 99.82870316839417 100.52065660630655 101.0713138282421 101.54112688849486 101.70799216452531 101.97430220020259 101.9884896068288 102.27931457987535 102.2673052166581 102.37910996998478 102.58333785014555 102.68731122890242 102.88855171964104 102.55017675066865 102.33927146191569 102.45908718790648 103.48028916923127 104.7465361389956 106.02783014283398 106.96640038313268 107.81604187565519 108.54453585656134 109.13191184186694 109.8228843404817 110.47782407363438 111.01134173745447 111.4939845205669 112.02696919280896 112.45660056966383 112.77424590468702 112.76141640251292 112.67023453648459 112.69197395970994 113.11702256368837 114.00733688472648 114.81617155327476 115.53494481640669 115.98137625059869 116.1912256179606 116.2647623776856 116.18931003084874 116.32747457354712 116.75195588897694
98.95928840234814 99.60980451152058 99.98722175050308 100.451160271997 100.84183710903693 101.09435340306341 101.23504656759151 101.1208412553529 101.2426586826819 101.15277002436567 101.31548453203524 101.56810396380644 101.95893067468204 102.01250390092876 101.77885995988142 101.25636656410542 101.26097500770648 102.21879334546172 103.67907046681029 104.97851969250752 106.30603352720267 107.31241371945514 108.16556156840807 108.82987651609692 109.58505713582129 110.2732099503314 110.71469160707541 111.2319529626901 111.71677252091305 112.30998717475629 112.56172528526606 112.72945448986113 112.6829605064275 112.7253783114974 113.16679196836068 113.88549255205294 114.63511506211171 115.45097544584218 115.88582204731794 116.07819451766917 116.05514793397313 115.91645485810952 116.02558351522065 116.47455343221253
98.70685491634788 99.09878447536985 99.63981537355905 100.02798701245936 100.08889404482939 100.00654180377181 100.10143097876934 99.80439368074336 99.68267693324147 99.78445031763654 100.0178434631635 100.39240462007973 100.9220277546383 101.36253801567597 101.39350737930715 101.10491774516375 101.1213741975123 101.89287125205739 103.0605706516899 104.37879625127066 105.45453677641478 106.5440781177495 107.62748789645747 108.36018182477645 109.19589210113418 109.93739253334991 110.52072828628262 111.06905645005449 111.59929911085372 112.1618947323723 112.48657306487348 112.67401791618649 112.80361616987943 112.94450888894514 113.34249390280594 114.03596955900251 114.67940122513173 115.31307195140452 115.744738806057 116.01172163496338 116.06055049332141 115.99799299509655 116.0936140669341 116.39825577923837
98.39180400846722 98.52870057617949 98.80031941261667 99.18314904862622 99.35972450268072 99.00052511995794 98.76334155856784 98.19863125335469 98.0923112120835 97.74005015395137 98.2005818563025 99.01358926595385 99.9270659093184 100.60191866790376 100.99864561409203 101.18616841697482 101.36033907141443 101.96417301663824 102.8153441483171 103.80748015354975 104.79429902161425 105.89946628582254 107.22830135984258 108.01449678396 108.92216628404226 109.71180890136263 110.23606755468897 110.81639916340265 111.43019296651065 111.89269007053215 112.38428839652136 112.63720196269686 112.81375974439783 113.08720003542574 113.60044162790395 114.24461142722157 114.768113373417 115.19966992245949 115.6606126293675 115.86883356807375 116.0825325905011 116.16253767280232 116.29422805303429 116.4408949816792
