idw.asc
NCOLS 251
NROWS 251
XLLCORNER 2
YLLCORNER 3
CELLSIZE 1
NODATA_VALUE -99999
[rows 133 to 151 of 251, columns 132 to 175 of 251]
141.07055240801728 140.659545278 140.1280519982616 139.50013007248265 138.38388151331932 137.2381197643143 135.96093110376626 134.776378412585 133.4190397558885 132.14262582206314 130.78124143256636 129.83042722147044 128.93170844229897 128.20204409761297 127.34230152905711 126.33335762702966 125.68050436966955 125.26012086067108 124.68399255515531 124.1053637722164 123.63355553051926 123.09798787509422 122.49790766546096 121.9711857529177 121.51666398364094 121.08266259212283 120.65817938401901 119.7490381080681 118.94458794227974 117.81969434171486 117.1506502251068 116.47324406510309 115.79168095037609 114.93205792585765 114.01239567565158 112.96143997608927 111.49357920148384 109.5314453106223 108.32815267542506 106.70012156550345 105.79465357603637 105.4636573581202 105.28859489042597 104.58402365585472
141.52910137708724 141.34477880307915 141.04087188312297 140.37713753596006 139.27037523750423 138.04809136131487 136.63536765147103 135.24594104748567 133.8565760613205 132.72749802633805 131.24671552579787 130.39843235359757 129.32582201636856 128.44629358172645 127.44805799981569 126.4107421221248 125.62760735556374 125.46425819673702 124.63568229927637 123.76323146584454 123.71975899185637 123.40121011976136 122.72946003901814 122.15082583270711 121.59536460514434 121.08533887659287 120.64090365307588 120.00082318790298 119.14600715512013 118.64835202157867 117.6762993502632 116.85819585116121 116.18723689534669 115.5031696476322 114.78249770388032 113.42577410305474 112.40725112779795 110.14291848232041 108.81256811102372 107.33368140389916 106.41566240533459 105.78832105723968 105.12271247339557 104.39180339850022
141.83853490463662 141.8914321820324 141.8478356980971 141.245263946585 140.09901536952253 138.64737315009936 137.13082529471882 135.68510358482953 134.3355839251214 133.2915226070054 132.0566801006694 130.92176699851024 130.04857687965983 129.0280464848784 127.92423693708108 126.72915332238871 125.80491200475741 125.44044313510298 124.49759599731584 123.5628057584496 123.74691265505423 123.48070479613257 122.75397738524619 122.09912089007526 121.419903871156 120.79651833783939 120.35288111291452 119.78544371522597 119.52496827087604 118.81829777402314 118.2924809463135 117.50053618890328 116.67595869905615 115.86384688015731 115.193430415895 114.13090798738234 112.8874612748971 111.29218730972556 109.564168292874 108.1759051856482 107.11277287765779 106.41360235566827 105.09996863328516 104.29055318808066
142.0896788756485 142.14548616496563 142.20921961001568 141.64018175162437 140.52362751343975 139.0775786504358 137.5991328328515 136.09141970232702 134.63057748137493 133.5056551893497 132.38903061562644 131.4753964965364 130.80340378005474 129.93809211487556 128.66448961421514 127.41319156517044 126.41928359986731 125.71573110619778 124.93818679098949 124.28648037862622 124.0237216864599 123.50740276061171 122.66206498319598 121.88484652902198 121.10316912563083 120.19877740812893 119.64944919619171 119.45424187771897 119.45941836319794 119.22303467787573 118.42499561514784 117.61693937954517 116.96719357232315 116.18269329383821 115.5003126997602 114.64973030379062 113.76502221805976 111.9085282472976 110.47568382489915 109.26255906722294 108.0400853966694 107.03643989640065 105.42668269471486 104.35302041796979
142.23781794874418 142.180625044977 142.17609154283616 141.65440461656445 140.61242935751054 139.2298867690827 137.642917969271 136.15372837590434 134.81825856912928 133.5132913688053 132.78008932528806 132.19647933945194 131.83143908939473 131.04299827545066 129.64340095496502 128.33463899678853 127.23266883988971 126.35332626234789 125.6599159479687 124.93660091024297 124.21320391440673 123.24653617561175 122.17246579997101 121.58478750133926 120.73376318007476 119.26265087742014 118.60557579354345 119.05054557463468 119.42765072818644 119.33404061030977 118.60591055417724 117.7747977842544 116.8908626188797 116.19248334887924 115.69896089148098 114.85664973551884 114.17425741388854 113.07770013168577 111.7469063883003 110.33363140089237 108.86316924278968 107.5261973180539 106.23173818107168 104.71074842976007
142.54033035148032 142.05840714720003 141.83499266321033 141.2967556291476 140.34346970950034 139.0255471892497 137.53093080198073 136.11785106309196 134.733435852232 133.58847910863147 132.91245659869625 132.7323432737234 132.9370485920451 132.16345525601275 130.58940415741586 129.08262045277021 127.98627633438495 127.03308825214259 126.29596127244582 125.39560018525631 124.43140092916121 122.94971714573323 121.33803640944984 121.01426242779831 120.83674201070741 119.1215641109557 118.33701351211063 118.9911634604721 119.46838625867045 119.367374191405 118.82496098703166 117.85702312655336 116.7229373039814 115.83361578956617 115.4532131340519 115.05682854882824 114.63294361601318 113.91423861649662 112.62524138828323 111.14272250904618 109.80263566255555 108.20808626855965 106.9230916160604 105.55675602809634
142.96013123552402 142.20485685106433 141.6343883034589 140.86669808510706 139.92811513873627 138.71795495363003 137.43492433323252 136.04405661279293 134.7533732455148 133.66417516377146 133.00243168176925 132.92594399105187 133.2180422206203 132.46617959788938 130.96274453756973 129.68605897414454 128.58042577270854 127.57045327470263 126.66406239548103 126.00214886070667 125.0250137951859 123.3161390173586 121.44057932312168 121.07861563247636 121.2332510887429 120.31824072670975 119.67148728768545 119.6043480753414 119.74334184518366 119.4618316666259 118.7572628763754 117.70849202476069 116.31002395919666 115.20045457766014 114.84158115987228 114.90637383017703 114.83681243447944 114.34444880726979 113.5930897670762 112.20484821009279 110.81003297782978 109.25514639437283 107.6208622700956 106.37159555583095
143.43392384178452 142.3551992108363 141.56739180204497 140.7380461618524 139.67868698271897 138.55735212197104 137.3994664680141 135.9924440432727 134.78929938548748 133.74338665694515 133.03025353511057 132.65798028313014 132.55033670636186 131.90070892108045 130.89323772284942 130.098066739647 129.14311848157428 128.00713478451135 126.89230162392974 126.37161460927125 125.81137118810102 124.45225325426367 122.93375697459037 122.26286401680268 122.0216038230447 121.51185928102184 121.03854276855299 120.59196206178065 120.13054347590226 119.6203410467631 118.75865032358817 117.53076174097036 115.87217419665684 114.5247472688328 114.24955801608003 114.71087216708858 114.88748334237782 114.59016695020672 113.95441953654692 112.97801102222894 111.3126939372787 110.26486391817727 108.52724446909514 107.31034047255645
143.7192636131405 142.56279736805172 141.53161808117432 140.70583828082363 139.69206626099248 138.3868214113642 137.3470659696554 136.28531084318186 135.05448818167514 134.02069905587746 133.08484625949504 132.52538750516683 132.07145054052015 131.46960970329016 131.06003026272174 130.76156743218252 129.85112531489048 128.28006827837785 126.88495801788135 126.29882363720343 126.30679109548637 125.46670207524974 124.35232273543254 123.55949801724451 123.01869312381636 122.51061138167498 122.0349504057155 121.29919902348206 120.81539177596989 119.84529955014436 118.90576782956292 117.62095431242301 116.14299518859308 114.80533147216921 114.52538251577886 115.12029991884974 115.27241902643739 114.9636761219609 114.41969744956891 113.82044509322283 112.46548807756614 111.03169001330794 109.11637689845722 107.96782445738661
143.77143639951188 142.61925603706092 141.63387372818394 140.71966675000377 139.6050749744235 138.6104864973193 137.48866981188206 136.3589911013633 135.19979032942894 134.1982883956625 133.20073674504957 132.5018514836299 131.90799489910182 131.40938146869263 131.22312650232703 131.33327802557164 130.41736297054237 128.8001743894609 127.47568380624418 126.77881111451663 126.68040358191256 126.16991725696813 125.35139904765397 124.60178977925298 123.95350430826657 123.3668354561988 122.69802386908425 121.88459050221013 121.23818506851588 120.44946651950758 119.18872241125764 118.00789497224144 116.90173774990312 116.0147105205843 115.74527733587966 115.9752524042164 115.95269620741969 115.5115997011288 114.861377301803 114.31958914969243 113.29480938603145 111.86753563909845 110.47053741610874 108.64642607131259
143.68727412222347 142.88813549237918 141.66927877378743 140.84290014231033 139.8841682793427 138.69879113925285 137.72009653629965 136.83306285104803 135.5953252198214 134.53760311181006 133.57994365628093 132.65115395400713 131.9522959060251 131.46368368612312 131.20895189258144 131.08014577736026 130.33633928780728 129.0996631567856 128.3239361543467 127.88859100549242 127.50379044017235 127.0057594574028 126.13397852010335 125.43080950562894 124.74975776410703 124.09775197839011 123.22087718607688 122.40091691161133 121.65352460040575 120.80193740503529 119.54413178039515 118.36379864985096 117.50225344216388 116.8831767758584 116.60181832775703 116.5935460997419 116.4001351129003 116.05365870687226 115.57129147502864 114.9341267828739 113.7660895012167 112.68577366584546 111.6844541255822 109.32498291475899
143.6474078620419 142.9456483372434 141.7151812930343 140.9563279488778 140.18337881371355 139.1271934427999 138.06730561075605 137.1504428449805 136.12700183467533 134.9976486278501 134.00417605317423 132.9998184260831 132.35770504320124 131.7772711818018 131.23894412628408 130.83832457699756 130.15278556091465 129.24423003699076 128.48253307278947 128.3634716535143 128.1622628505467 127.72678916884031 126.88683626119966 126.125079891984 125.42841826819561 124.72993810388283 123.78403909237565 122.87977365364192 122.06812174679125 121.17777925794557 119.96560521219907 118.82214217323737 117.75132441826972 116.92865048527165 116.56430699214985 116.7085501423237 116.69456463169 116.3930977251561 116.09206082796567 115.65646446026655 114.30896272901501 113.66622064229391 112.39249125922068 110.66738906547128
143.73593999106458 143.01843608080347 142.03858770116972 141.10514414728323 140.35438879422696 139.41448945304478 138.57703176048156 137.53471947846145 136.4435968793218 135.61696062907467 134.5566426342851 133.64076677338844 132.86693709351644 132.23880746517156 131.5893963964535 131.056648924292 130.38511213279278 129.64352418533142 128.77681494253878 128.58310352362054 128.61418638969457 128.29797264159407 127.4907810496035 126.83446418526852 126.02653447032397 125.18139850653918 124.3003168374361 123.33736266882913 122.48646507165193 121.51194660575617 120.34688612085327 119.32448492139017 117.9915491941233 117.02884550930933 116.54604058583864 116.801115803968 117.03799788236805 116.68801879133116 116.39033967876716 115.99554016631463 115.10326911779995 114.3050977177878 113.0318880743906 111.47805320833255
143.99310772881913 143.25451861269227 142.4742236709206 141.51889406230683 140.58755823363094 139.77832254755128 138.99092176543385 138.03216812293354 136.9888958186725 136.1904381824405 135.08123627535474 134.2695977988251 133.55162679924408 132.79947535178295 132.12611661306252 131.53662204163638 131.0341038409964 130.71298359004047 130.30539501537078 129.75222215184405 129.4172184476404 128.88863378624993 128.17681601708134 127.40788312372246 126.69598133945256 125.59220365843102 124.78564581686177 123.95010838765073 122.8639299055996 121.81300687456464 120.79072490432716 119.79234341251998 118.70875213291954 117.77092296833463 117.3354846665081 117.36146366037083 117.35687711301748 116.98588426318051 116.67618235827548 116.21658728114919 115.43386387804489 114.91935931205113 113.95426572269996 112.85484640988783
144.3615105364182 143.61684637325862 142.85591723450995 141.81927578303237 141.0937906382677 140.13927065998845 139.37825548939162 138.71767120832328 137.70584034422617 137.06756442114875 136.00338885552273 135.07576437780136 134.3000494526121 133.40267684885944 132.69695844655368 132.0977745266358 131.58235982330197 131.60515544999828 131.68888040944964 130.98513804795468 130.2362224379875 129.55651292847983 129.00513325374249 128.0253571626707 127.29012346132579 126.28895444882002 125.44304515543571 124.42358091441245 123.23569074751316 122.11792546517586 121.21310273887879 120.38711302890022 119.61541202901552 118.86566058979476 118.38686468324873 118.1546657125875 117.85660200933616 117.48460398155581 116.91885043089538 116.4055166163707 115.72300090406397 115.14025209809516 114.4356716157093 113.40569880152033
145.0288288891153 144.1440824694087 143.28300126522782 142.4160632236189 141.45551851988424 140.71910355027072 139.7440075039534 139.2785329859414 138.50922542081048 138.10722641358237 137.0070478368524 136.213659599135 135.31790166305873 134.18398865222096 133.35398503268004 132.65318741347008 132.00210065979385 131.7710791591159 131.7280396010298 131.42829005086293 130.9242708223481 130.2618063919078 129.5991775215131 128.83813960392789 127.75003164740119 126.90340992771279 125.8921915582828 124.83432965711346 123.61146931137687 122.45990276028368 121.65758199678535 120.92972583159799 120.29749331620705 119.6918019395264 119.24690989677484 118.8854293939979 118.37756907728775 117.8016200101346 117.02566503548972 116.46362502317737 115.86380250094096 115.46313571254508 115.02259239280198 113.94026654062247
145.72140873803951 144.61831130268 143.63144534700203 142.70795806278954 141.76388773589025 140.9291810615225 140.44318240177017 140.03154049236198 139.4385918472894 139.2299180295622 138.5557142934287 137.53940751138242 136.34893078862524 135.2422548370569 134.20117357099232 133.22003807926774 132.58366305661497 132.18839772128388 132.01409560974855 131.84208389028615 131.6142643410947 131.07342616752143 130.4865648220718 129.41197799802745 128.30011408744596 127.38880957974284 126.43079276887903 125.3026757692283 124.00790801910482 122.88357920516407 122.0347303187865 121.37363189676284 120.77852906301224 120.20591169277016 119.89672839361789 119.4205621256523 118.97777950396762 118.08715534833604 117.25570345371486 116.28446494996511 115.72957111135665 115.58878359186379 115.31486094474744 114.3192708935038
146.48298269607557 145.059230124422 143.9594898310657 142.9954021895116 142.14316282475104 141.27958224001958 140.87755575104586 140.50772289008603 140.47539836823503 140.5949895385541 140.23810204992736 139.17679736850656 137.59500037447225 136.17112784934662 135.0172188150346 133.97589779826671 133.2902393824137 132.96039612552045 132.76856207954324 132.55888368861397 132.23979599817008 131.8557216965653 131.18839362041962 130.18855489049673 129.19026806993912 128.0685773981842 126.90531453258167 125.6460726098775 124.63184888849015 123.18223152719199 122.43105322225374 121.77824211768305 121.14039229083367 120.52071960298147 120.1139049560461 119.87013271255114 119.43364176987521 118.42585087739232 117.37816678595703 116.13305383175759 115.51909358671324 115.5946034171759 115.56223521404436 114.8674843180849
147.06357538884623 145.28433526490073 144.14698628826295 143.1531545685866 142.3053119683297 141.57335172574116 141.23926057253223 140.9902056407579 141.21689309402288 141.82794348192547 141.96594266112442 140.77210761549352 138.72553854773747 137.03453092199663 135.74812555431453 134.61213055383985 133.99639687726284 133.71310780075615 133.51619455735593 133.13377450742848 132.83233570651535 132.48055434522828 131.89507352318367 130.89978633702665 129.9254267837083 128.67452549408634 127.27852065647524 126.13339242218927 124.91098885239049 123.59297772122571 122.75337345945788 122.18193659425319 121.5539267306185 120.6800610194532 120.03585345491584 119.99515453400264 119.67274097342384 118.73476761856509 117.69789976630494 116.51241458079886 115.75450387951363 115.76607783024855 115.68899340824838 115.08991582190774
