idw.asc
NCOLS 251
NROWS 251
XLLCORNER 2
YLLCORNER 3
CELLSIZE 1
NODATA_VALUE -99999
[rows 190 to 208 of 251, columns 44 to 87 of 251]
92.45838817830207 93.61347783263197 95.18840669441492 96.48230520938272 97.52790168146201 98.68371145832931 99.45274134497473 100.26332629490437 101.63594539412537 102.81918386658815 103.81870239514824 104.58460451756216 105.07356802275217 106.02084272618727 106.64686257548601 107.18623875195236 107.62955147227977 108.24208275035278 108.78033218101477 109.23538077099681 109.83051752583938 110.64784902326244 111.41741347188747 111.77779702595815 111.99530339023042 111.70704108765219 112.00221141992381 112.5498877293604 113.01257542629695 113.46435504141512 113.9629705764801 114.72194861245303 115.17130225928157 115.55316317166987 116.05179480302118 116.1730967209432 116.44918215953963 116.76882720596407 117.28875669952585 117.81411366486678 118.38034334035633 118.78959859348632 119.70313820974877 120.35658176193448
91.45452736282604 92.77883948475257 93.71253223719513 95.08325935174581 95.67366366774806 97.1152345230979 98.31923213111847 99.17093819557556 100.20162043565388 101.35030554284889 102.76764805555618 103.57751718744409 104.3601441971816 105.10356521726032 106.01950396502886 106.62292502294022 107.19012853990381 107.7058876331067 108.35878513719744 109.01208507670098 109.5500703225048 110.04866460286159 110.91585448340636 111.36867684858706 111.6705460812583 111.66438791232396 111.80982413086399 112.18727803926866 112.6409336727763 113.17931055075918 113.80029226571153 114.35241658078252 115.16651962063267 115.65079695720642 115.96800774883816 116.05424150865248 116.08256459268885 116.28522688960555 116.7945289467264 117.27286056895473 117.77338270545748 118.17397044658442 118.74064549927368 119.42047843328041
90.53809201878252 92.00730168530836 92.56411810016918 93.43439549504889 94.88056553335755 96.27251696291127 97.11536366040455 98.31185494582894 99.31722177620597 100.5259387517857 101.62553373154185 102.80042339476317 103.60388926242977 104.37194143101934 105.09417508536009 106.03903095734223 106.67392898818927 107.21878383724459 107.73721672464164 108.5121331152406 109.15159156853757 109.56875644084722 110.32617471949678 110.69923689273996 111.1589427532319 111.49331210242313 111.76177830846254 112.00795198229778 112.34401000943568 112.87655849655026 113.506924670565 114.12869234599903 114.94701341149961 115.72696286134104 116.07083144432094 116.0803840299731 116.02539621260745 116.12622185790644 116.41622519994145 116.7909389461905 117.22675134515 117.56729030397844 117.91330483092737 118.23327263680761
89.88068714635455 90.80053843565487 91.70452547644113 92.71562081521607 93.7608804418823 94.89480275910381 96.31926188652655 97.18185490059203 98.50568589231678 99.3837894132838 100.81966129997606 101.67678341621547 102.68039778451225 103.46083980165156 104.20712064853662 105.01943663641039 105.68320306281007 106.51075115809091 107.09697879936208 107.93462765423476 108.5836672806917 109.0152314918614 109.37598875417471 109.8124019565303 110.22281844296128 110.77570939170258 111.28455763159282 111.72126933300324 112.08199918707311 112.64767122314919 113.16975433595564 113.8042882734405 114.54634402915019 115.44010627017418 115.93085771075579 115.9550253642965 115.90378541845722 115.97965328965307 116.21280097945917 116.44622398737697 116.81436369418134 117.0652140913734 117.41685640448792 117.772605242335
88.97506857344064 89.72221407634432 90.8847278764657 91.6708015858084 92.80014635308035 93.92963630422317 94.94042235963029 96.44298969735141 97.3454400941493 98.5175673146223 99.62352693277003 100.7641763357741 101.59185162329729 102.68923754062509 103.56350229931513 104.30230559721883 105.01417822638373 105.70292867865128 106.55279470428337 107.28061203194382 107.97232108427649 108.44676825003556 108.65254750569589 108.75781994145396 109.15205000294529 109.81546379006566 110.60172801187221 111.06826033786167 111.7481750247982 112.20829950524939 112.88850643078436 113.46177289226671 114.12320107654837 114.76086519196818 115.26580878582232 115.4447836704667 115.56794473914984 115.60249048838887 115.92097099905894 116.1944190714604 116.45216996960109 116.67870595952598 117.05181523381027 117.31139487627065
88.44562434473065 89.19734825851218 90.10177317034038 91.01511362788946 91.919085187272 93.3183559868598 94.29690105756906 95.20563025488836 96.39178025899126 97.5130511688496 98.61342209931917 99.73202288193156 100.55500689431898 101.62529621890624 102.81053325780533 103.443368543964 104.18815052792111 104.92784921297967 105.6666486403268 106.52617800340076 107.47848834732463 108.05802212798235 108.25802542635853 108.27900277459142 108.47018231317583 108.97202611532138 109.84351918158407 110.61412002502101 111.09489560073968 111.68597598086298 112.36782061898566 113.05063254075512 113.59448133652096 114.08773546637056 114.4313970108696 114.71191035505714 114.98553616903624 115.16468401075198 115.34587809491643 115.72336098851686 116.03498948907279 116.32630363154964 116.48896952110316 116.7000673678255
87.86616892415174 88.53733253055535 89.69368214645809 90.40205520663305 91.3099593638474 92.08497087189062 93.75368224205154 94.65234566529617 95.50059991973485 96.64860368236535 97.73472704851483 98.44518716796934 99.7305481933164 100.52249129798538 101.68061528210023 102.70886728453819 103.47335892959791 104.24633712447626 105.1967692338406 105.98986993807598 106.76115794860246 107.5659183985893 108.12323914669615 108.25895558773102 108.34626516177246 108.66887206817394 109.15805839313214 109.8904299856548 110.34479417874088 111.13696899758826 111.9837720361564 112.45531739388696 112.91018026891719 113.30879476337788 113.57889823159664 113.88960355262387 114.11266901075633 114.45123278154288 114.67469907071084 115.3488950204153 115.6173651298226 115.93720082680399 116.18569756653883 116.29368203308587
87.55534303287737 88.17811045592126 88.95290530692672 89.88071858160468 90.62185900122326 91.72926101181203 92.88809382742453 94.18031463800315 95.02179865128403 95.81896645354196 97.06770055698614 97.87821585130986 98.66425946347455 99.57390592581132 100.567920248235 101.82122147128575 102.59755517928824 103.46384254537465 104.36183192622023 105.19095843147966 106.02884478386616 106.88669157424916 107.58064135289919 107.91480027748092 108.0832620376285 108.28864466388974 108.70442525675365 109.19396888900856 109.76647436777613 110.18846456866687 110.99159156122283 111.60958161531305 112.20149315312031 112.51171582097791 112.95990044401402 113.1105076488435 113.58061999599164 113.76907591374149 114.1525997465777 114.71288980960679 115.33823414940477 115.7584263875128 116.1280296403869 116.26011879323211
87.40308490236522 88.04785017097672 88.72513952569676 89.57945506953078 90.34022290791512 91.13416499999286 92.15152288164128 93.1649976690893 94.263438265481 95.07063784418996 95.86573873046456 97.24730969233482 98.00574085586203 98.87851526189803 99.61141167813275 100.36269960840198 101.37120199157921 102.65057700980557 103.53834453957452 104.33461036409197 105.12716582310458 105.87578883941751 106.75612116911394 107.21586098242454 107.57832729324495 107.73319315315896 108.14526962046126 108.44311623366151 108.98045446245187 109.37490721407507 109.99602857660355 110.78675617308154 111.33016177723024 111.5606279456951 112.02610077654543 112.28035973503049 112.82580895482315 113.38108774187376 113.67679029383068 114.43630916340754 115.24793464309303 115.81380880663983 116.27288541657498 116.41939992300324
87.29220582451146 88.02623379703456 88.56906158826028 89.38018331067697 90.20311055247194 90.9741541529191 91.85096452331939 92.71237888096472 93.66473446562814 94.81016568883932 95.60973605401324 96.5701693909386 97.27786335033046 98.2879889194661 98.94940475336315 99.78148445782269 100.45033429135549 101.56549131755487 102.47097749516222 103.2298895050799 104.11865815545977 104.90050529371572 105.61607359536664 106.31635073735845 106.8599458525019 107.15387178371377 107.6155055109111 107.94525440401303 108.51388297375401 108.8070045478358 109.21588730260308 110.0025532646053 110.36716014719542 111.10186913978531 111.41365188996457 111.83022502630055 112.241772818449 112.56304710577011 113.06368240744388 113.83544755354178 114.8926261707542 115.78562599951536 116.4377715405593 116.61915514507908
87.4368351382574 88.21363944620916 88.45713214481074 89.09231401167767 90.09796437507566 91.09601989525383 91.9148319736866 92.56653783958542 93.36387134205252 94.32731021659228 95.46820451683273 96.41134539010478 97.0849103369025 97.78733044746218 98.49674610623487 99.09616719666327 99.84884826679425 100.95284306295152 101.81212408082354 102.50874543422239 103.15292156911406 103.7277139103725 104.22681663821429 105.39971923966793 105.94000456530966 106.34835054025233 106.71563159426432 107.29401698034751 107.70704884345089 108.34401210223723 108.78529068782393 109.413628382496 109.98953283124169 110.32752817670651 110.75192948264954 111.09328900086865 111.74546989780741 112.11948837139055 112.54819567920106 113.23718019063377 114.27185587102548 115.39031975747739 116.08186887633406 116.30394996005009
87.73099863306904 88.49524625527823 88.44025662547261 88.99480591228664 90.29512967319205 91.32874723612146 92.09105810623254 92.61628125302593 93.31139140423224 94.27743817997236 95.31154198778634 96.14700666896195 97.07373540085086 97.63286608813712 98.06445920015643 98.54910812938671 99.28919157217429 100.29140218888288 101.12209329124238 101.92816029831373 102.51990457419961 103.01538238694914 103.56855207998083 104.41870145861508 105.0551349834084 105.4933589604347 105.94226695873718 106.5519246818346 107.03088615060557 107.75693973034608 108.25250037430878 108.92730979443927 109.54989780996925 109.99663874786638 110.32449917635202 110.75765757135103 111.0582392200707 111.3369325486443 111.89647643966975 112.41189977558649 113.37441933842757 114.33971117342325 115.14198790695096 115.39085537004776
87.51354442269805 88.13221964689616 88.41355855828348 89.15548477356243 90.52356812194124 91.84586000841087 92.4439500034101 92.61763359302282 93.13522491802372 94.17318114767994 95.35399624452307 96.4189920601762 97.25903898082927 97.61958241265494 97.94878178764125 98.29098917314131 98.93784998117312 99.57934379666072 100.56503811911685 101.27942845507565 102.14116141596858 102.60164532051358 103.03042592912901 103.73066632313817 104.34740699645624 104.79133475824942 105.49057240160153 106.02977304539797 106.57367315169512 107.13088006805418 107.90808860490996 108.6294674652101 109.18861700333456 109.70451145102895 110.11695646148803 110.4481766840742 110.74696771808033 110.88786485469954 111.2289854180089 111.7204669214869 112.43567941916426 113.22867345530153 113.91971276990647 114.19141233305857
87.05072142881886 87.67043048065617 88.29697819521506 89.27876800876494 90.79464660747568 92.21934790828143 92.7216618851321 92.66082507318724 93.04367332850859 94.11761126357656 95.41587913212663 96.69284884689148 97.72750164824573 97.95185715806758 97.90563290496004 98.08831794478093 98.66014698537636 99.27588660158551 100.15932617176058 101.09615605427071 101.889990712428 102.5169105632913 102.80768777516269 103.06986905309007 103.63904828648214 104.10687311823173 104.81170223919963 105.39289490372487 106.01316911849042 106.61316117328109 107.21806928272868 108.05429654196347 108.68149212696382 109.37123399388075 109.8886922628253 110.3576079727439 110.66777086139771 110.78637014009381 110.9211116467906 111.26916679595243 111.72935537004467 112.371341216299 113.06769886200325 113.22777580107793
86.43732320756729 87.23417998819487 88.09186276309694 89.21049661194724 90.59929320697903 91.91291302862993 92.4942396686519 92.57481911553172 93.10050957850676 94.06835038399541 95.54111411320966 96.90930213088642 98.07601542447887 98.26976391687165 97.93114170622674 97.95477379928522 98.27068500145332 98.83034319930364 99.73260460334414 100.91828541784946 102.01425600216577 102.82429942229778 103.00984010621367 102.93011445386718 103.20485172229394 103.57193453538542 104.21961277519046 104.82890105218823 105.43537341789606 106.06359303925518 106.47466276484333 107.31229971889745 108.18531138883117 109.06819530747337 109.65704826756239 110.25263806777006 110.71291447136488 110.80933543373048 110.78688958511292 110.87862377061015 111.1916626627032 111.61401838619055 112.2104149770337 112.63274537364993
85.73741895235057 86.73335122725607 87.76517906923335 88.90275480294193 90.21170085012115 91.27933995027325 91.97344231488216 92.43974437272968 93.09019989679075 94.07823313712841 95.25749089768358 96.66116809172507 97.65646045812016 97.89900508519952 97.69206857000898 97.79093922171731 98.06955924657038 98.56044699990424 99.28830563570952 100.53043246037974 101.82767515871896 102.92246197710615 103.06480814268798 102.79012534424824 102.87340557125819 103.12505881126862 103.70930350656312 104.31187247924784 104.84031897372356 105.48572295106808 106.1617550112803 107.0261838072234 107.72252156641588 108.8290608702881 109.4271367883601 110.03414697672093 110.45282450897666 110.60962105803986 110.54185163647632 110.53527489770428 110.65618130037642 111.003943078104 111.56998085687616 112.21887881518258
85.27203920001038 86.23486889078285 87.39394191085024 88.5813816386048 89.86716274421784 90.87028780760299 91.69634508713706 92.30117269149498 93.05223614736273 93.8989012481353 95.08620211472393 96.19948113795445 96.94505110450854 97.21243629037076 97.25513955731219 97.46235182514121 97.79776113248555 98.25111257700173 98.7678285845654 99.82153042405477 101.03929556010841 102.12647513023003 102.44376326520904 102.33266313445228 102.55782310247041 102.79028757306136 103.39902169621061 103.87347936310304 104.48159315675848 105.13946697030794 105.8317113772548 106.70686695590734 107.50039484867405 108.35165624036541 109.08497010035939 109.61788016409551 109.89619923595991 110.05371592292992 110.10683005610458 110.05643083550198 110.1541637896863 110.49252803149216 111.1071635300295 111.90045080041916
85.07880817056953 86.02209461177306 87.10551014648838 88.33104814941068 89.63132571475607 90.68324404904882 91.54235989262416 92.37108367169888 92.93788951918779 93.71393780981604 94.75066218487167 96.10318911402008 97.00920940139788 97.19035770489491 97.0386449885925 97.20665759265955 97.50408092183643 97.78247635293677 98.08367107383756 98.85330954782611 99.84180927578522 100.76080505342728 101.29686276520769 101.53203589484058 101.98012228224258 102.40353356614143 102.97031323878998 103.33806431317305 103.7422154275011 104.37729670007263 105.06098404169896 105.92819705973433 106.79744290080016 107.61805888765133 108.15129740882755 108.96903874920314 109.23166756363582 109.44913107526511 109.67832888324914 109.80630365640411 109.86739497600138 110.06539454429591 110.62443064849427 111.54840320157
85.07475864879133 85.86939736896346 86.94277062551248 88.0175616079352 89.38014010694845 90.6036823266638 91.70605262851068 92.50779172586873 92.91718676775211 93.36350238884567 94.34661416610014 95.67376137327588 96.89052125309968 97.11474520313433 96.86915189307145 97.02480305424368 97.42888176289881 97.74137653599173 97.8278569564372 98.12778813575358 98.8968159266598 99.54157097694724 100.260837637468 100.7420627524455 101.02599803049206 101.43212073040152 102.05377908391203 102.75545233395931 103.33080819167988 103.96676385280043 104.64991806798223 105.48191842308094 106.2726242067038 107.02512616398326 107.63123315078947 108.2133903568371 108.67208930310835 108.92098370025053 109.25177550124764 109.73176368399388 109.77899639325427 109.72394807143404 110.27821216738316 111.10063139460092
