idw.asc
NCOLS 251
NROWS 251
XLLCORNER 2
YLLCORNER 3
CELLSIZE 1
NODATA_VALUE -99999
[rows 76 to 94 of 251, columns 176 to 219 of 251]
73.45689207392964 73.34785878465564 73.20030182400941 72.88700722466498 72.55077405062598 72.07343433363054 71.63306838442949 71.53079001527522 71.37784926761204 71.08957520754043 71.02529868342036 71.16088713262643 71.11811738232605 70.81895018688417 70.41168340356867 70.09289528447462 69.83715756994472 69.6198346685883 69.57378506810791 69.32210358340605 69.0498646575703 68.54586946543712 68.19382227031744 68.0607455625938 67.51946550528308 66.88053986540277 66.45047319842784 65.99836052688475 65.04432814963535 64.38272725416626 64.02926928983355 63.25227464445572 62.38611690771921 62.02802365402757 61.765409538364125 61.4401597930461 61.015028465336215 60.58998716053524 60.29328054529795 59.77188958138636 58.84928147862683 57.84535271689295 56.78209378027695 55.805078341788864
73.72783622215147 73.8916954790669 73.9652241859218 73.77437491197935 73.58554301197056 73.27582996082386 72.9216628425899 72.63022066196868 72.43906769045962 72.24033959905742 72.26833556264992 72.33223497057473 72.17461250219922 71.84316759286314 71.3319766135919 70.7828233954676 70.46173265292937 70.36468723254929 70.11430652053849 69.77103012963735 69.59416742102127 69.35300086258411 68.95942034459306 68.57625519946315 68.16231714426634 67.77179784073329 67.17303156538397 66.50001925956973 65.7260343846521 64.82747182780895 64.1763131595318 63.740484503290176 62.808669184772924 62.054221873149714 61.80619879660431 61.39931943172219 60.894155073102624 60.42859087952054 60.10479768380054 59.367397207540236 58.69432917248253 57.73909361283304 56.83385905733263 55.86783546248742
73.3344960437833 74.12925090748853 74.57222280501037 74.64964309770087 74.54742338926162 74.22208702731277 73.85303538072 73.5557255556121 73.27242277279291 72.99692558810194 72.85675286217527 72.86827313681104 72.80391561069351 72.50832292961 71.95939726159777 71.62637340778286 71.15171894513928 70.8749869701495 70.819274436702 70.48534363639179 70.32066868365582 69.85012187924183 69.51723156701398 69.13517706745452 68.91499986288919 68.30613999064516 67.69432995780403 67.19692096531197 66.39358696172202 65.33627859114374 64.64115158823994 64.19473924475723 63.20686640231487 62.49844169795659 62.01572565850426 61.541481076367205 60.956732094868265 60.37498550490503 59.834228110695 59.35866829037379 58.497972983687994 57.774697885686365 56.706414438079 55.85147447972534
73.59779425852034 74.55208757334921 75.15936024036206 75.39211368338442 75.38083111532382 75.2313479131179 74.90843999021006 74.48777859301352 73.99016773749031 73.62061552903916 73.1672848642175 72.9301849042835 72.93916529573731 72.88279806902017 72.75089290899513 72.5881152163476 71.9705351895491 71.49870830360041 71.18007478599677 71.05295401422373 70.84670308436196 70.42534184717306 70.3156706098082 69.91716164004268 69.42389788007425 68.81158152539531 68.188163627303 67.68002362164927 67.04806955627542 65.79420408527712 65.31094575536547 64.63426723765744 63.792108349506705 62.815506270737785 62.28779743344305 61.56307332754286 61.06052731297413 60.271336231660236 59.85582596135158 59.37176839575714 58.65428210345405 57.74982335994066 56.76542789819426 55.89581577837974
74.92043752965985 75.34419411487211 75.82198568978352 75.96402769001807 76.00969177904933 75.89322054015194 75.64021268732677 75.36672040036078 74.8965237767529 74.39013420651534 73.7584956545682 73.34789405406974 73.290325733786 73.39711596740206 73.1211058167825 72.97383460126612 72.72243260865616 72.0418981133312 71.81762099130376 71.66753632938246 71.40438524459124 71.36103659267886 70.89588889773553 70.47823627270377 69.9730283397038 69.32876206478792 68.52188260595442 67.98117991175624 67.48482571880294 66.63218244380573 65.75623720357483 64.87061598634799 64.1909479935846 63.17044676522466 62.560429935620256 61.990158539741714 61.269627424192926 60.38965265991084 59.94397427776818 59.444118780041364 58.70336083909153 57.77205832631456 57.091838941248106 56.23731759549066
75.65678817959721 76.17599055831569 76.26856009082022 76.2337000685407 76.51695457651064 76.57293349398691 76.50351897079821 76.31499757005626 75.90013820595732 75.36111774685389 74.77930644885171 74.28972372838851 73.99558232237038 73.88240608222173 73.64533186068526 73.31214764743423 72.9407380336062 72.70970737059262 72.22680441405423 72.27726003272929 72.2240404076193 72.11576227375042 71.70621697305842 71.13266948190457 70.53385900906999 69.82387357846831 68.96768224915706 68.51846864323032 67.66416569629892 67.03839841271594 66.13291517121719 65.47773748058556 64.57950785648774 63.55215586011959 62.70096768335651 62.12122180251118 61.702193319610544 60.6057473196468 60.13540550547636 59.43364375911904 58.693574906856846 58.05112651195764 57.21149984421714 56.242466202011855
76.81955929014406 77.03002141113522 76.57592089997186 76.39162329800946 77.09139695378248 77.21622845706894 77.0856524108737 77.03269563391986 76.92059023559744 76.64256391352325 76.10397380689038 75.53018292424817 74.98980902593757 74.64465742967467 74.3985311512795 73.65969195930303 73.61128354734664 73.36714862050935 73.0091894657297 72.71896586250331 72.81407693694636 72.84367933522526 72.49927930483662 71.92174037296009 71.18435737635924 70.12669023981628 69.47572996885783 68.86198165028034 68.05428243857727 67.40813448092727 66.51249935762127 65.99291384091856 64.94313400091501 63.88349591686237 62.86796893202459 62.41925893686113 61.98143752591607 61.24370801871523 60.40770716492657 59.5204023112724 58.90341659485426 58.23989458401164 57.10226017995512 56.33885391511311
77.16913282854993 77.20866578309624 77.22731935769207 77.83469159186208 78.14689639064609 77.826115456888 77.75746415453102 77.78574379271289 77.79942304654075 77.59709017506775 77.14614018868956 76.61241186053023 76.15215027477664 75.6192983390112 75.02478500323414 74.50494053734622 74.05719195053463 73.70309466144865 73.28774840414087 73.29591386070925 73.37471681249727 73.59593309232432 73.37236258371026 72.56306325262047 71.61630256004611 70.69248147848839 69.75811810491558 69.13883955342035 68.36894969160855 67.55987821548423 67.0294741694745 66.32082271945909 65.20896797566022 64.05693222960899 63.3512886142146 62.670611424267335 62.13133241033732 61.69332648229945 60.54516473920193 59.82122567934102 59.17533692175399 58.17233826777863 57.409538642761795 56.481276862317586
77.64979282673386 77.58392885899195 77.6933452478993 78.045733073229 78.16876275382711 78.07825650933684 78.20149997980278 78.41767589801043 78.613943295546 78.42509515759757 77.98663777671342 77.4860726016287 76.97396316042399 76.34073678873112 76.04223944075655 75.09397635354935 74.43404578579312 73.95630754102561 73.70407283320952 73.5736286591557 73.77348198864412 74.07568431223487 73.86405293994831 72.93183204599804 71.8125338491995 70.8534394424752 70.05245542098827 69.33728216573867 68.65616209496528 67.91646484624596 67.37849716317307 66.78612046072915 65.57682678438375 64.50667997478824 63.62685290839927 62.903107526556596 62.389452408446395 61.97383702558465 61.06465706005943 60.1973003207347 59.23320924760745 58.45743163537147 57.63587666771206 56.789391018067946
78.44882105578637 78.29201627670139 78.30894756209547 78.36970050876839 78.31680978021541 78.3934883548917 78.5471757195941 78.68614608640159 78.74448811405838 78.67522692984875 78.44500605295757 78.0102115939845 77.57707699239786 77.03541648877209 76.31993006006687 75.87454720319236 74.89139562784032 74.31437860789214 73.86780952899764 73.64198817937913 73.76905303472391 73.95444065006888 73.75265635904613 72.78996560828067 71.7211472264159 70.82503890214609 70.1083662573237 69.50864565706726 69.05127426815947 68.25661159350953 67.62382755636473 66.95298144202991 65.68278330966494 64.69629516091926 63.83593257817608 63.195212747881676 62.71187672261599 62.03130265906105 61.59662251113312 60.467093301480176 59.585936761888895 58.73305104467446 57.832984523300816 56.91097285537582
79.37938095830184 79.13377913297134 79.01135684409792 78.99618867183943 78.9546113346586 78.98290897890637 79.00975341476239 78.9914520644707 78.91920841618331 78.9297494923478 78.94979067379761 78.80910582412643 78.24914232296216 77.77718643139549 76.89800517721267 76.39881418800825 75.61440549411083 74.83049325231424 74.26557398742251 73.74636895149024 73.61657246425389 73.51066158267665 73.1766006305393 72.45886729691878 71.43392619156336 70.6982456283134 70.12315477143113 69.60881615330148 69.15953128235637 68.75682502699631 68.07670090825376 67.26971084771468 65.86303671920106 64.81121996237175 63.91135839007384 63.24532946183482 62.76808622565377 62.30841626240927 61.88080477494864 61.00471953310023 60.04825023083291 58.98744256629692 58.01334962289006 57.02385332542572
80.40775278460164 80.09517459540332 79.88519291766877 79.76441361237791 79.725750113209 79.64552382316165 79.72375799121917 79.6774227510702 79.67345294603264 79.70795592665186 79.69738774483561 79.42318583921816 78.89651588098174 78.32598892269328 77.36525050606804 76.80588814635716 76.2271057186321 75.56389878915046 74.81894863836759 74.21468000289924 73.56463141791532 73.11701090585818 72.65123524688377 71.95397530015285 71.18987202352658 70.59580725535123 70.07912405577103 69.76760986497163 69.6331738670521 69.37348100774445 68.69199840228335 67.39215127264546 66.13115540921721 64.86040775563119 64.01956430999977 63.2689612660106 62.622026497960235 62.35711025698947 62.04249372897235 61.482702137609074 60.45902912739359 59.392325550165346 58.37462996071648 57.1558429192568
81.78877935088846 81.36663050442506 81.11540958640298 80.9053102272869 80.63061446104139 80.6279655600007 80.71038406393362 80.83203130680717 80.82320276298593 80.79068198847787 80.59050346319508 80.17112504154505 79.54317866449635 78.87045526096749 78.46942600293103 77.50451774794745 76.75657557599455 75.95855922045963 75.23357188057963 74.54314982859783 73.81345022667487 73.07333326068672 72.33172075596347 71.78330338440108 71.09370344006639 70.47080485713857 70.12284023621648 69.95420254054197 70.11101740929011 70.01610877404872 69.16925893060808 67.73552546258914 66.19408268518829 64.83756958336191 64.07106823649694 63.40373338201636 62.50770508112132 62.283906560612806 62.17847618489469 61.64362802050322 60.58153804364922 59.56047859316676 58.38862345429262 57.29713128396642
83.01316793789125 82.5482161201634 82.21775327258676 81.9138810956423 81.65074351412244 81.58975678559943 81.73499557164463 81.91743636176137 82.01972787767897 81.77511501685876 81.31613738599894 80.92534426040554 80.40702132054298 79.70501742698816 78.99024731252884 78.19176329461747 77.15775051619669 76.4002827218392 75.50400170455879 74.88931430394491 73.95028875138102 73.16126758137275 72.36930959461256 71.77013634005408 70.90601472604733 70.46652187187759 70.18149320753798 70.0814540042892 70.20922068892965 70.13927515215042 69.27928124340087 67.7623281236814 66.20273385037926 64.74936301659139 64.11809207688731 63.92224121314086 63.01666572778634 62.44112789406951 62.19978017262146 61.6386308238041 60.8161635331856 59.606134530588264 58.53975566665229 57.221032080638075
84.15724558943977 83.63148275985418 83.22629399272039 82.76224188194944 82.4388867836692 82.30434833584543 82.32942388230936 82.53884843186519 82.71857730605421 82.29650040173263 81.73056264737886 81.4517019012206 80.99938507166837 80.2464200845504 79.41144972693048 78.63733280150225 77.86975743897908 76.84788236886389 76.00577332140007 75.09348754485111 74.30190023213429 73.18264590332595 72.52521374455428 71.64007995243382 71.11515039168778 70.55586412568572 70.23736212274697 70.22677743754424 70.29995188771288 69.87753916050903 69.00527572415382 67.57544082926887 66.18298053143371 64.82973165230514 64.14548538758574 64.05336933824003 63.47227480838357 62.711010889927486 62.19173390501146 61.566983747030115 60.76779567206132 59.701738418585805 58.42674515425183 57.18535115994328
85.15673168311442 84.5771663887661 84.12246346726099 83.53886378086496 83.14039394510479 82.81842950488391 82.69285202070053 82.6803954203232 82.72530008559666 82.3363354503237 81.84127214047219 81.77208791331203 81.28651119418939 80.56038611064471 79.7644181079814 78.99328837046765 78.25381627169315 77.42729286749235 76.41440044007555 75.58923551392833 74.38013021204944 73.64447423445716 72.6898636146156 71.88623351450939 71.23448945896453 70.65938604384773 70.32297946942111 70.17305727170478 70.15911595073138 69.64857373109115 68.67761291192694 67.39700449586354 66.21444743763782 65.03061598137462 64.23297932695296 63.86307443514779 63.33679795334856 62.73363217330733 62.12960476439814 61.483076307689586 60.69628495746025 59.54136146866991 58.503782420164 57.163690314320284
85.99319330964057 85.4510901831245 84.95099922036322 84.34444849687891 83.762266019019 83.41071996764306 83.02638262282439 82.78509418516396 82.5829576310578 82.23923596668158 81.8631706280547 81.78999105735137 81.41480232930722 80.71340139464502 79.98157358499296 79.16734515134465 78.52227819451014 77.82577461470548 77.06965456076657 75.9643280603201 74.88455100518742 73.78603061955447 72.97090641212534 72.00806281394938 71.35207307816776 70.92672896996558 70.43918305379393 70.0189909756733 69.7400147178732 69.2317902523255 68.32034599518221 67.18939799695664 66.10892192934277 65.15864987339945 64.43013199622312 63.65520685257371 63.102836847405726 62.600369055595124 62.112721823495924 61.49402603536697 60.64673545564328 59.480214349709236 58.450835128586924 57.310612771359466
86.79007633958834 86.2672716507523 85.70779683171733 85.17449752533918 84.49132350759366 83.9702777989226 83.5137217208771 83.13708448367855 82.76822171900409 82.29781702762305 82.02083891829538 81.7491507088846 81.39201244516963 80.73903298807684 80.17279614159676 79.41652441000758 78.77945662956046 78.17476363339938 77.49239220002251 76.41749764367545 75.29680969085884 74.21873596259314 73.14199947665792 72.34052143951726 71.77470546480245 71.21680970871019 70.60622614277645 69.97136163263337 69.54021120980528 68.9375688180836 68.14224837805128 66.9313728479742 66.02961298792314 65.1798866941292 64.41462229903613 63.509541465131285 62.84091217924024 62.514905744037236 62.08928412241114 61.48943355533954 60.57296568690108 59.47419713614969 58.30944197977057 57.28973048029511
87.47328536078409 87.1051095296811 86.51219898316094 85.91300722508439 85.26051036707501 84.63637099285748 84.12572494809892 83.66816001390912 83.26567361511985 82.60198674380405 82.27483417542004 81.83738590963718 81.37643695241651 80.780353331136 80.0702051901178 79.63126456340443 79.20333038512959 78.6685670541567 77.79217951740057 76.82020694929176 75.43837285703054 74.3003018676721 73.5407319036478 72.59661370739839 72.13975091048039 71.56537864455184 70.97350492987256 70.14130896902769 69.49849508120133 68.82401577816054 67.8317926146362 66.88895334851226 65.94700442337238 65.20778415516405 64.34122533029324 63.37218978829162 62.54625512645605 62.355359336756756 62.19293796637341 61.47671435424258 60.56336118455341 59.28035655647882 58.21856061241688 57.24369825549724
