nni.asc
NCOLS 251
NROWS 251
XLLCORNER 2
YLLCORNER 3
CELLSIZE 1
NODATA_VALUE -99999
[rows 152 to 170 of 251, columns 0 to 43 of 251]
-99999.0 103.16560123145088 104.26269985557913 104.40543520353313 104.54817055148717 104.69090589944123 104.83203625366247 104.96668448686097 105.09433040433625 105.21637376780164 105.37383595651625 105.56022199751246 105.75782812513444 105.96381843324565 106.17854085249711 106.40338602108902 106.63924083892226 106.88078173065081 107.12714181156167 107.37816126071037 107.63295230047441 107.88864612695217 108.13893773889919 108.3924581328741 108.65560388511447 108.9378500508539 109.25571310534747 109.59404501636102 109.94123954055421 110.29773229902467 110.66453440860451 111.04328649960068 111.43494118983634 111.8404906662508 112.26173088302102 112.70003436765182 113.15658203803503 113.62709128860338 114.10251421877247 114.55525747014286 115.01261161684565 115.50853324603875 116.03178057245586 116.57398590160481
-99999.0 102.7990720801908 103.94043666521424 104.0831720131679 104.22590736112215 104.3662291173016 104.49901573696744 104.62503838827172 104.74448710406745 104.86283389197824 105.00906006473122 105.18048356815697 105.36679843707655 105.562201125277 105.76646943914645 105.98051450817424 106.2059752493166 106.44414192038954 106.68758766225048 106.93384565336589 107.18141840501106 107.42683725769136 107.67327926079373 107.92459682675802 108.18427316319955 108.46432232120041 108.79996694861873 109.15193327839371 109.50566651088484 109.8670564336042 110.23760701371646 110.61836371192581 111.01066784037793 111.41657416791959 111.83862144645299 112.27881987883171 112.73840441414802 113.21971567560854 113.7247575788234 114.22484611850271 114.67030750044279 115.1531787534489 115.67331218713684 116.21536832517761
-99999.0 102.43338797681564 103.61817347484926 103.76090882280329 103.90224144866214 104.03537412817288 104.16073477755697 104.27983039218572 104.39314774694992 104.50665292121951 104.64250403376012 104.7997557391328 104.9734501231707 105.15858318734305 105.3526516374159 105.5562059720279 105.77053566273682 105.99756998963066 106.23689036998312 106.47797512649953 106.71839444163878 106.9600021583557 107.20404996590318 107.45207671067055 107.70843741536943 107.99536386214481 108.3315813366384 108.69557693069162 109.05686196394393 109.42263425843288 109.79556129639704 110.17724850639402 110.56957321332466 110.97471565380222 111.3953459928076 111.83533372532315 112.29539779970143 112.77650776029273 113.28042342379214 113.78932371562446 114.32395849807081 114.79395524828682 115.30489904486235 115.84508254328752
-99999.0 102.06825193371863 103.29591028448407 103.43856689625903 103.57467808072433 103.70076793951327 103.81946830918659 103.93263083933125 104.04089415561751 104.14839435862909 104.27414380307535 104.41927313485655 104.57976760312903 104.75233832325513 104.93533435238975 105.1282528722627 105.33154307557217 105.54666302383578 105.7762624692303 106.01378724887496 106.25187624199074 106.49097980073026 106.73179930374293 106.97547999285337 107.23334070924288 107.52429984020492 107.85879082006244 108.2293639299646 108.59602010167647 108.964941851575 109.3395576706404 109.72163180299441 110.11299249816184 110.5159004748995 110.93337958932602 111.36981122576206 111.82857904425273 112.30618742175582 112.79889214753138 113.2921442890919 113.84960190448362 114.41260336597894 114.92313880018149 115.45773737469057
-99999.0 101.70329528382473 102.96682699554914 103.11473053979337 103.24420388497244 103.36327352962871 103.47571528674705 103.58073618731416 103.68080217647163 103.7801386808989 103.89676068581441 104.03312486875718 104.1847318646623 104.34718859179182 104.51811547137007 104.699218658518 104.89115061241442 105.0953762200398 105.31459423078351 105.54869750114298 105.78426484029339 106.02019182531178 106.25691811455964 106.49551872845417 106.75565307921671 107.04978367383994 107.38517975942042 107.75170590219017 108.12102001131232 108.49197852006712 108.86769681086646 109.24982444990194 109.64018875105855 110.04025779425385 110.45255940377369 110.88293847947867 111.33883199432572 111.81491275942938 112.3009197708231 112.83105790121844 113.42149303269065 113.97815199158808 114.5111649964463 115.01274914966307
-99999.0 101.33802580858078 102.62784681241783 102.78909718634576 102.91080157273757 103.01857513118765 103.11214497157174 103.20227944874642 103.29334701449307 103.38712778799814 103.49709122727745 103.62720612618237 103.77362225773103 103.9323128643158 104.0996286995351 104.27187709005483 104.45249668470659 104.64600090795321 104.8552770977094 105.08331053533693 105.31565406349455 105.54776129808253 105.7796348625293 106.01271464637696 106.27314398676103 106.569968639254 106.90680365485085 107.26309299693258 107.63143232046818 108.00394842121736 108.38021264450313 108.76161586353155 109.14966887218905 109.54588513347571 109.95197452988876 110.37379718934395 110.82667311449015 111.30241339133966 111.81194138357472 112.37944041865762 112.9795519949946 113.50720119036798 113.98602181565902 114.50104352494716
-99999.0 100.97168169991971 102.28400727894554 102.46104255118664 102.56283536669282 102.6396870509244 102.71403459088258 102.79248293043143 102.87699656457664 102.97065446740007 103.07669836449995 103.20236513517777 103.34498760620451 103.50118606900969 103.66748153035641 103.84029055559344 104.01491309065139 104.19747525401374 104.39659665987219 104.61735563180082 104.84561159490995 105.07304461134001 105.29931236876212 105.5250077329278 105.78375106949422 106.08071042001586 106.42048093730047 106.76971092614934 107.13011638520811 107.50067435559187 107.8771361477115 108.25725250605481 108.64172911590619 109.03201763472977 109.42940890587317 109.83962892164202 110.28943139956631 110.7811994340786 111.32356773958247 111.88352454960511 112.43670436789648 112.94941435485242 113.46173289305509 113.98561320371935
-99999.0 100.60270599955003 101.93568406663903 102.11421137786029 102.16549947284824 102.21753077073666 102.27838473195258 102.3498076582893 102.43360998331102 102.52950194298138 102.63686737319466 102.75981201609179 102.89988211753858 103.05458721725358 103.22078161646189 103.39517285786704 103.573398958181 103.7492007282348 103.93749008912329 104.15110983875846 104.37408052649262 104.59559522054612 104.81499652942395 105.03011155027595 105.28196887279677 105.58734568241759 105.92356983182785 106.2699245924904 106.62475493648023 106.9890078467405 107.36085233357889 107.73768601681941 108.11779476681211 108.50024602047299 108.88607759551984 109.28211443453881 109.74697088100199 110.27469513666648 110.81451829427864 111.35830495316765 111.88755810102843 112.4071518317575 112.93693611199899 113.46909010448064
-99999.0 100.21950609654945 101.54546222520136 101.66685719846589 101.69899630687263 101.7446936725738 101.80433428991 101.877648969189 101.96427795029895 102.06385358954654 102.17590123037371 102.29986469748972 102.43884492506604 102.59270735828184 102.75956057108884 102.9365065201713 103.11943303913353 103.30064041653688 103.47767511005915 103.68464956662694 103.90010644050298 104.11338983246992 104.32376359288341 104.52814291284072 104.76915636245892 105.0819732954109 105.41312510845178 105.75787151179904 106.11321791738416 106.4757273375952 106.84340316171684 107.21583316860766 107.59134181247998 107.96849698195619 108.34601738629817 108.7251405099422 109.22666394174544 109.75303985076589 110.28381703340595 110.81721904585919 111.33744946956784 111.87182803313159 112.41414953460244 112.95379920284691
-99999.0 99.81897648418298 101.04261176257518 101.11784175566159 101.17095413291008 101.23027495808793 101.29819964649045 101.37765767450036 101.46951985304037 101.57414798016954 101.69132905891703 101.82061806215822 101.96157305221257 102.11554574951391 102.28290804952799 102.46236729634099 102.65146940803261 102.84351172894671 103.01751780668329 103.2166337508372 103.41847927136548 103.61727286098447 103.81148532898106 103.9965920754751 104.24012558302174 104.55395391616139 104.88472094739478 105.23284770033466 105.59175912497774 105.95653746344584 106.32521064970828 106.69678202450955 107.07085034838013 107.45120008211998 107.83967974178215 108.24530707186558 108.70726102239776 109.21877644189891 109.73859046844603 110.2669710439661 110.78869185213136 111.34016368848935 111.89477650036113 112.44208506978909
97.34342758420614 99.40761989095579 100.52277093007774 100.55722373950725 100.6090831724201 100.68180493774621 100.76304963427845 100.85162137509381 100.95073027940987 101.06141425557996 101.18395472019625 101.31841435048757 101.46446925997209 101.62201326116096 101.79102983934656 101.97219478352034 102.16545830644574 102.36950133950518 102.55947135100152 102.73208089108994 102.896845279236 103.06635912660707 103.24595993069755 103.4448594813811 103.6609598554414 103.99205003587628 104.33656827799614 104.69573970915992 105.06077108064828 105.42909254080618 105.79971329124066 106.17249059271009 106.5522730655613 106.94045017916832 107.3388687831116 107.7594358699153 108.20970961359096 108.69865027102931 109.2046464459298 109.71681645554585 110.23905664503059 110.81057200925187 111.38098668258736 111.93678573191269
97.00482550774882 98.9856062921039 99.9882619460803 99.9948124639186 100.0404909798162 100.10955834940029 100.20172260378234 100.30158591401263 100.40928360668632 100.52668120542593 100.65466955137484 100.79382543624101 100.94411604680504 101.10519094804098 101.27692709151466 101.45855204506026 101.64957105015488 101.84717164904679 102.00267996479116 102.0797945864198 102.28970729311084 102.49321179192756 102.69710775035495 102.89930320007991 103.10247024676909 103.39365416333021 103.76995016111748 104.14680053424354 104.52075686313654 104.8940796849302 105.26747638073059 105.64512742945189 106.03096409622702 106.4261692367784 106.8358193957765 107.2651583049911 107.71463622712754 108.19032905466352 108.687796257771 109.18481664649157 109.6900161869524 110.28265965324952 110.87965904976937 111.44261418632078
96.66564019492361 98.55672584065383 99.4383575819571 99.43418344022054 99.46725345668924 99.52990681185229 99.61786784884069 99.72913453528777 99.84608797579136 99.97056737016611 100.10400835442651 100.24733471647146 100.40105947083411 100.56400629604056 100.73479204666111 100.91189570929585 101.09099725808326 101.25366603043705 101.3990285834899 101.5510662190606 101.74684634441644 101.95972353671647 102.16740295271109 102.3686124537675 102.56587761707023 102.81704341359955 103.21266119955276 103.59818776501047 103.97760801515783 104.35395666567652 104.73025364366227 105.11392550926774 105.50664135180627 105.91060902640194 106.32922711794944 106.76622395877203 107.2238939898925 107.70504244384887 108.208233155578 108.71068505984499 109.20288623874141 109.78289985236715 110.4039328336864 110.96766910478225
96.32594797617386 98.1247949956909 98.88579563765164 98.87473381989182 98.89309118884334 98.94378226297187 99.02321328811517 99.13552934053257 99.261649006835 99.3931912668921 99.53190041855184 99.67894616718331 99.83521403487845 99.9984765916321 100.16626718162874 100.33506048008142 100.49517824174542 100.65179802149382 100.82462648168998 101.00780549048032 101.20695805197353 101.42538417872257 101.63923887130125 101.84603405941704 102.06605041207241 102.34583385639174 102.70219510763366 103.07698990086541 103.45171297809485 103.82512192732375 104.20020052509783 104.58515211909487 104.98302754664634 105.39339102912987 105.82009727554006 106.26674927670095 106.73525069148506 107.22686721907954 107.74062604071267 108.26264888992365 108.79707466867958 109.37997538449879 109.98149552854545 110.52678408760966
95.98575577926388 97.68974064044362 98.33290817705492 98.31582529610303 98.3221191416481 98.35586580694346 98.42030047551057 98.52260381603759 98.6560141347917 98.7940123517622 98.93748199102265 99.08763638895921 99.2455379966807 99.40799534077027 99.5707621779417 99.72912943434198 99.88906945931522 100.06200230413697 100.25519101383527 100.45721824508273 100.66928689059422 100.89336626542735 101.11374106477425 101.33665954312391 101.59113594127791 101.88041252910307 102.2198702578797 102.57999033288618 102.94429961129387 103.31093632642471 103.68145509545037 104.06326368005016 104.45923529261893 104.87301164288905 105.30749962574507 105.76391540284921 106.23544967491904 106.7249158504279 107.2359248088768 107.75888194468614 108.30286266986097 108.89685475711677 109.53698499193405 110.01155557170104
95.64501994354877 97.25124022239328 97.78002119980485 97.7574715885556 97.75321928149884 97.77209105484837 97.81805055746841 97.90041041564366 98.02950478335006 98.17152422003443 98.31867517079993 98.47100159093563 98.6297427694621 98.79164137917394 98.95446747330848 99.11838756467176 99.28967031993338 99.47931260109078 99.68851278372189 99.90602531452994 100.1320788522433 100.36464891150052 100.59252278822444 100.83989898176503 101.1136987183026 101.41165746804334 101.74229674657134 102.09239095221864 102.44809632616631 102.80724602298471 103.1700048553968 103.54433880854975 103.93406428933605 104.34788709223805 104.78985402763661 105.24532623134988 105.71153889459828 106.19523533541445 106.69538155733431 107.20634689693686 107.73499145494809 108.28989729161873 108.83682166560416 109.33300616695045
95.30363859582245 96.80866499423372 97.2272438031508 97.20013467299862 97.186267362986 97.19145077782312 97.22002450714393 97.28203169235792 97.39693580491534 97.53684731987795 97.68393571106078 97.83821255676835 98.0019063212545 98.16991248937525 98.33992133111775 98.5124564836341 98.69567449277895 98.90228346103855 99.12359867426674 99.35729841912237 99.59770944363902 99.83959549528737 100.07906686493594 100.34478353947524 100.63287455944162 100.9377462693254 101.26235856768218 101.60242218647755 101.95027989013113 102.30338314949388 102.66033344591708 103.02614608938902 103.40685945647067 103.81698114821538 104.26015252891249 104.70869607296733 105.1674302350959 105.64159654453255 106.12453309926534 106.6168075638948 107.12074168121097 107.63361276132441 108.14410004817341 108.63162717352039
94.96144743339016 96.36100414034419 96.6740165167959 96.64446203811775 96.62175778197651 96.61411498822615 96.62585660209045 96.66670885598296 96.76359683564905 96.89982358671713 97.046346057953 97.20365974036426 97.37454668197005 97.55018732437767 97.72927972278306 97.9127794868265 98.10808238497191 98.32505081994971 98.56053920780438 98.81302014443368 99.0681765317386 99.31862888483855 99.56944436116878 99.84972803018432 100.14460260687747 100.45315180232102 100.77630549929498 101.10748756176613 101.44828637355266 101.79593487094826 102.14865280036574 102.50673726397349 102.87795980285223 103.27991627358433 103.71684992460993 104.15629328033897 104.60533723257201 105.06232463084044 105.52546500224322 105.99606743220932 106.47297786653068 106.95914977453322 107.44892619068945 107.92993066955327
94.61822475030141 95.90677288377712 96.12030581270196 96.08897760491588 96.06131580757666 96.0411774770387 96.03659599796481 96.05461473850299 96.12907496487647 96.25839881664922 96.40384950941089 96.56912630299207 96.74933797692485 96.93470855226867 97.12540339147215 97.32294500226116 97.5238420344474 97.74485706643641 98.00397854407058 98.27482814559397 98.54190318009555 98.80166325105638 99.0615611826375 99.35024335736614 99.6479508345365 99.95983347073624 100.28028690313603 100.60736780123341 100.94184571474052 101.28452580656587 101.6335180874606 101.9874787287011 102.3476010554057 102.73491983821232 103.1607849311262 103.58717857997445 104.01777146386344 104.45416122060124 104.89735478862734 105.34614382618132 105.80197438527773 106.27128811610854 106.74729649235042 107.22658662214523
