nni.asc
NCOLS 251
NROWS 251
XLLCORNER 2
YLLCORNER 3
CELLSIZE 1
NODATA_VALUE -99999
[rows 19 to 37 of 251, columns 176 to 219 of 251]
54.566246239008095 53.71353113396907 52.8825359813518 52.05555838410042 51.233183593853035 50.41612873840317 49.605327834460724 48.802038609908585 48.009915547264406 47.23247651711664 46.470078339309936 45.72567138223488 45.005067344605095 44.30839331162649 43.64007177656541 43.042344699231215 42.47634811214226 41.92895384082271 41.44619856355153 41.0278843571666 40.745181615416215 40.55747374583899 40.40426500828525 40.273876756045766 40.16044999262064 40.04949840990026 39.940551224607006 39.83556481793562 39.73764886091635 39.650991797557374 39.57129809913458 39.49235553136984 39.416439204030354 39.341103444899545 39.26599230527747 39.19106853122706 39.115907564391456 39.035435100180756 38.94681192993547 38.848689269547535 38.739973439529024 38.618735111248476 38.48079494614832 38.315990703282395
54.82122424397606 53.965906310623005 53.134832683961335 52.30858025611226 51.486297687894876 50.668616531211114 49.856351433205276 49.05058756132623 48.252805964854 47.465103373724475 46.6909776174596 45.9339859007129 45.20057023574598 44.50131357531168 43.88837407370524 43.30798416734137 42.748875433620505 42.240755186531814 41.79071811550758 41.38538271063108 41.0622179251316 40.828461814145896 40.635056127517764 40.466977416889904 40.320284078835414 40.19068114401545 40.065405883271836 39.944456571962654 39.83027123704777 39.7270053964753 39.64030433669983 39.56359296807236 39.48986798122211 39.41781519769361 39.34731222688613 39.27910644854013 39.2131362332474 39.14335205152689 39.06650112459554 38.98189138059263 38.888761141273065 38.78532894209485 38.66748174104087 38.528812288365806
55.06979418655922 54.2151731207285 53.382229889380596 52.554692437979185 51.73110031627408 50.91227289036169 50.09887481447976 49.291352804898565 48.48978367461419 47.69609003929001 46.91336287606156 46.145288339910365 45.397683972015194 44.70714298271478 44.11889116120584 43.55884073256182 43.026993359012785 42.551575658091565 42.11973829803094 41.72301309247373 41.37537935483574 41.103746787056174 40.8773848890988 40.679005342258115 40.50274132847233 40.347227903841144 40.20477107947812 40.06723424969161 39.93637038426134 39.81585461794255 39.71259895901996 39.63503808567411 39.564119065797485 39.49624974277129 39.43327887615684 39.37521597517684 39.320269517175454 39.2611226559485 39.19534268638476 39.12271463578805 39.04315923795191 38.95643248235477 38.86081722440184 38.74970223882207
55.310856944840864 54.45656293098937 53.621275409052735 52.791202692726074 51.965240049614756 51.14422266332184 50.32885818318513 49.51969293430987 48.71696021487782 47.92013283838644 47.129294937859484 46.35037699635511 45.59162818976754 44.91642432568476 44.347832073008576 43.80794662868902 43.30745579802951 42.853004256880325 42.433705198048955 42.04357085603079 41.684164167380814 41.380852705827394 41.12518451330556 40.90034066325953 40.69884254591575 40.518147265391484 40.3560339766412 40.2013678424086 40.05331990174619 39.91507316878712 39.79368316996253 39.706481070037746 39.638800995101846 39.578539695631605 39.52637793945109 39.48041291115771 39.437289849792805 39.38848697629671 39.33323894012705 39.27180511501024 39.204716158879876 39.13262157263359 39.055701686172114 38.96819716193625
55.54337234367136 54.690148880230986 53.85245759769417 53.018980070594495 52.189795758322674 51.36572506583517 50.54748926952037 49.73569848940827 48.93074556339829 48.1324689462835 47.33908061313114 46.549607292063826 45.78750775388326 45.1255649413368 44.578526092787456 44.06057399627951 43.583530501451555 43.14406255165012 42.734148486426434 42.34929770075273 41.98712841938173 41.660816348831034 41.3777482382026 41.128356889887044 40.90397581232284 40.7009200321656 40.517863034003355 40.3454868280203 40.17960561227283 40.02278733502085 39.88185148065724 39.778343071175435 39.714746037796274 39.6659656559145 39.6272895148535 39.596427896086745 39.5642150382912 39.52532630169831 39.4800172619368 39.4290031367888 39.37336190344653 39.31454457435358 39.25421778079337 39.188204567704524
55.76901045265271 54.917205048324234 54.07599532364038 53.238391050677485 52.40528694456673 51.577465737355546 50.75564200185785 49.94046662608636 49.132459585729926 48.33176882937208 47.53735489012542 46.74380488635548 45.979395011279614 45.333501347304356 44.811558663723815 44.31372875862519 43.85350816255968 43.42518563706163 43.02247532421503 42.64185888396382 42.28145849660124 41.94175895952754 41.6365876798585 41.363556459167036 41.117420277049575 40.89362394306137 40.690245395280215 40.49955174087587 40.315121021880714 40.13860792224209 39.9758123622185 39.85194068315198 39.79307723125612 39.75952644883539 39.73900276399579 39.723666861540735 39.70133944883056 39.6717899845006 39.63574364603262 39.59445076010919 39.54957850568511 39.50255403846273 39.45658904973969 39.41298367416789
55.98935378368201 55.1379127571402 54.291635496111375 53.44932646353353 52.61176372396547 51.77963482961931 50.95365298124475 50.134498767528115 49.32280035474969 48.51898844287876 47.72273534827506 46.93038066151588 46.16322458582501 45.5415457129927 45.04785643318483 44.565356581303185 44.11712387216172 43.697060567300085 43.29981917357353 42.922520648483356 42.56369828138202 42.22268366558098 41.90079098309022 41.60775517605482 41.34100832446889 41.097318507581726 40.874724355957355 40.66533720665354 40.46188772492809 40.264565401385646 40.0773680406274 39.924991280418475 39.874236104998225 39.864430056668134 39.86709972441219 39.862454991097735 39.84927656958349 39.82833248776655 39.80214450336254 39.77226759602556 39.73927111854754 39.70445524692138 39.670355357884766 39.64195220721175
56.20469879974467 55.349278159563326 54.4977835803539 53.65076576839904 52.808667841840524 51.9719941748255 51.14139731920217 50.317745110600704 49.50184465519813 48.694342557206845 47.89562036055237 47.10413701799499 46.334976853559546 45.75983855746696 45.28763581873237 44.81559209276823 44.37485278033375 43.96065211612629 43.567375709893554 43.19257712940259 42.83492062379702 42.49381166706725 42.169175067998125 41.86143574847617 41.57648068604456 41.31514111146328 41.075232898308386 40.84766034316026 40.6258967902266 40.40852869279515 40.195151938100665 39.996747509239455 39.96943312902175 39.99508921832366 40.00995475961124 40.01425425042439 40.00906932446344 39.997179195461264 39.98202698601078 39.96390217706151 39.9436511208244 39.92321165099867 39.907420977266156 39.90085162310109
56.41111216078926 55.55035600389626 54.694130157022606 53.842558191509625 52.995860330121275 52.15441493492115 51.31880935792384 50.48991274197148 49.66899943914666 48.85723988471488 48.05528533524812 47.26386856129886 46.48970254267845 45.98709516263278 45.52693136061375 45.06211266381553 44.625433881826865 44.215678697301655 43.8261085022411 43.45301285567027 43.09597602231696 42.75460041731282 42.42884908379541 42.11912814663672 41.82632186277681 41.5519833970314 41.29727180410033 41.05395928567182 40.81791128073984 40.588185218352116 40.367817915763375 40.169861438526695 40.1337695643047 40.158219632467784 40.17521334377981 40.1826325380738 40.18255032548669 40.17987717974373 40.175395845282466 40.16935867965383 40.16313782641291 40.16043523781397 40.1744381456645 40.17091322896001
56.60509144714284 55.73747898148497 54.87500354270573 54.01839641542925 53.16800703340096 52.32377999555161 51.48505196031235 50.650711130161696 49.823533742972515 49.00603093519073 48.19935786359126 47.404229255177995 46.63827266732388 46.20736078610474 45.76018504917509 45.30480724833799 44.86888279583071 44.4620542571996 44.075676175049914 43.704627791145676 43.3476711821444 43.00578869335139 42.678926971833434 42.36759832786021 42.07335436970327 41.79813931827013 41.538902305126676 41.28878303780363 41.047777054379665 40.816677945629706 40.59888838835145 40.43729167025754 40.379261501229664 40.36757837880296 40.36971074966833 40.37325910237217 40.37363601352849 40.377300868732995 40.383080601837094 40.389954729762195 40.4002657641252 40.423484045168934 40.45585325808235 40.45359405956508
56.776933815689844 55.9016241647697 55.032732947193324 54.170870495592794 53.316373507342675 52.4693075446573 51.62933633944672 50.79530846759977 49.96404836521865 49.13796624630897 48.322415344931244 47.51706602000652 46.822642318874074 46.40867100308924 45.981425224011915 45.541934805751325 45.10584187858002 44.70053082297173 44.31704134948318 43.948141502005086 43.59097491635792 43.248368345144 42.92031995089279 42.60747038885331 42.312380373849024 42.0362435379878 41.77176240884933 41.517171815215384 41.27306723982488 41.04128665231316 40.836417353092585 40.69904870209622 40.63786160595253 40.61708526623154 40.60353456545977 40.593584621713916 40.58723743155808 40.592790527919846 40.60913116728232 40.63261911716338 40.66345741032535 40.705444061902675 40.74486059968969 40.745970299929
56.92271735719861 56.04062581585718 55.16576459246026 54.29866669679181 53.439681870474665 52.58895130326175 51.746337154832986 50.91113155790656 50.081070996751144 49.248556707203804 48.41413269995712 47.608321947231815 47.006945080098 46.581414852645075 46.17897776487419 45.76330617574542 45.33880322857159 44.93225605223076 44.55203124527815 44.18518052059138 43.827552274555174 43.4840909212134 43.15478402685087 42.84038789680839 42.543617542274006 42.26148411292101 41.991291723659224 41.73324713271082 41.48889482601032 41.263371911550365 41.0760310107427 40.95161568367713 40.89733579513915 40.874026409405225 40.85245436050939 40.83601981541928 40.8234265672731 40.826677601947566 40.853076695267085 40.890500424323065 40.93787025283519 40.99949012709713 41.04215064870637 41.045459702445775
57.039001809157014 56.15139759220264 55.271078299241694 54.39891247769522 53.53516869249731 52.679921467971056 51.83304028788591 50.99395763608724 50.16075263455048 49.32650922339161 48.4753470144238 47.70342740345783 47.19140539147553 46.754234197745326 46.33586937702451 45.93931671407698 45.55115034673727 45.15990549138288 44.78468281294225 44.418291433918704 44.05940480326052 43.71536868313039 43.38545483847426 43.0679809612568 42.75979741519562 42.467617403320816 42.192087733732436 41.93427386580424 41.69948365852854 41.493971254652934 41.30769798136741 41.194664764882596 41.156813676075174 41.13350429034088 41.11038184848001 41.0873128222596 41.06505520837515 41.05397759662697 41.09997145559881 41.16232052527701 41.232524207560765 41.30315404007126 41.34420027077208 41.349929689306045
57.118416179308895 56.228777044975295 55.34481085265108 54.46808586893473 53.59925287266634 52.73846846441884 51.885469039852325 51.03940150513385 50.19852732775567 49.36512313755045 48.53045915614384 47.82123514008775 47.376455726334214 46.93368260592933 46.49744204132794 46.07054063480718 45.66558286451965 45.31539169015505 45.01743066921654 44.65475342417631 44.29668917199206 43.95040332515869 43.612567248750615 43.28094177247132 42.954571625671754 42.64398269190915 42.366778329078564 42.13073945707721 41.928217900710194 41.725911066609086 41.52764027594055 41.4396009427432 41.433013537816926 41.43199519435091 41.425872855932255 41.41387967798011 41.40109403061561 41.4066287991985 41.436526942107385 41.48805447345545 41.542977313024664 41.60682037250521 41.64915211637541 41.65609877694019
57.164956042466144 56.26878764628462 55.380793859706245 54.50013682568812 53.626420169671 52.75965283956299 51.90027841248177 51.04928080276278 50.20840490707186 49.38057324832005 48.570356589710876 48.01001243667585 47.57553548464505 47.14556062942549 46.71447128342729 46.275835175464074 45.81978058143914 45.42646210410667 45.19542275672353 44.86576389600074 44.51987237453501 44.173752071889254 43.828634188788705 43.4849758979102 43.13993741038028 42.79444594743981 42.57677985248184 42.37887276368966 42.17915450582122 41.98993726080993 41.829606638524886 41.77913650338835 41.79014305221804 41.797878182089825 41.800586195073485 41.80326717921051 41.81263308312821 41.83079570728053 41.855905060299236 41.889497961249134 41.926670303508246 41.95454266381877 41.961960582251436 41.96692357274312
57.19312510450486 56.28928363708813 55.39416159534001 54.50705666964821 53.62803323388511 52.75697588502909 51.89419885604829 51.04048921857107 50.197023390940416 49.36424218030535 48.614124897167365 48.155124392500085 47.748531596396276 47.34096329658938 46.93264880984597 46.52243292073332 46.113569821825834 45.70584014782594 45.386107580792 45.056469755028054 44.72607092610843 44.3947698792912 44.0603702191157 43.72439348051472 43.4021891046138 43.124646875556515 42.88764308931622 42.69564286183971 42.53460218863365 42.39576347695936 42.293954374862835 42.23262945854867 42.20016357250221 42.19727759455877 42.20555374753814 42.21602866793332 42.23006029857902 42.24861819768556 42.27005001661833 42.28999064709515 42.30744723519183 42.31699518280136 42.307345681204126 42.2977923928284
57.20972450798281 56.2923361883806 55.3898515201323 54.49812988676508 53.61395670815856 52.737998428512014 51.87034586436334 51.01064866941402 50.15627171694562 49.362475635873004 48.71122645274201 48.29545921810108 47.915229936756944 47.53107797146092 47.14487416289174 46.75758794491263 46.36987660945108 45.982394473777276 45.59615092095847 45.282312805642015 44.96415210038596 44.63974072596294 44.31189146098085 43.99249409410868 43.703025570675486 43.44376501386576 43.23079509767581 43.058508452132344 42.9225784290657 42.81092247050222 42.72900429586453 42.67052001470052 42.631877476520046 42.61253084452383 42.61612245004517 42.62902465157439 42.64399127428531 42.66083302795161 42.67512050494186 42.68569452184799 42.69131004632678 42.68914371448118 42.67267828141401 42.64585591045968
57.224294390940656 56.29138403700481 55.37387408782229 54.47164352546112 53.582087030868905 52.69982294937097 51.82444082872151 50.95385414985136 50.11318375292075 49.389525842901406 48.81983479160533 48.44556222911496 48.08552055881566 47.7211779661246 47.35375731921374 46.98388956326516 46.611826415180786 46.2382162010743 45.87183961161601 45.53661730591005 45.218361425565504 44.896992353590086 44.57652953977757 44.27732628700097 44.002563343951415 43.77321767285254 43.5846210012647 43.43090986144155 43.30966120953696 43.216567202737465 43.145672694052585 43.09211013943194 43.053943033783824 43.03185497212254 43.02684310561847 43.03889543630358 43.05480584701499 43.068459036613994 43.07756668314587 43.08162741550647 43.079415442526994 43.06883894394852 43.04650359541324 43.009585582620275
57.22969230446754 56.283235031334186 55.351900613566386 54.43526142671314 53.53370925247091 52.64345097657386 51.76000279441539 50.881239388383584 50.08425118644751 49.42654011979851 48.94414247482571 48.604665447387255 48.26150281482921 47.91384995341733 47.562484553925515 47.20774944588349 46.849815838913756 46.49195168697179 46.13957527885185 45.80191438373663 45.48219113325268 45.162079774205225 44.85182412426776 44.562416034928084 44.31084844042516 44.105803344636314 43.93738943092288 43.80064985583651 43.693058145002524 43.612627100039546 43.55038091570112 43.50227211883187 43.467069171059755 43.44565170128278 43.43889035925774 43.44695762252411 43.46285069890906 43.47463596071409 43.48021204155879 43.479385981332356 43.471201777922744 43.45397322043772 43.42574417848065 43.38534804277899
