nni.asc
NCOLS 251
NROWS 251
XLLCORNER 2
YLLCORNER 3
CELLSIZE 1
NODATA_VALUE -99999
[rows 133 to 151 of 251, columns 132 to 175 of 251]
141.16902597941484 140.40065636244435 139.62391020365038 138.80368870930425 137.95483681940425 137.0959145929417 136.23389022989838 135.36894590962288 134.4939881251516 133.5963424075913 132.6598199250377 131.64980434285883 130.5847948434463 129.47860796849832 128.3138847766201 127.12924123320042 126.00259886148831 124.99257250238759 124.04547666105809 123.1048047052632 122.1791529264945 121.26477128742862 120.3699511841141 119.52284578853087 118.70481796843191 117.91124648158001 117.15741056816657 116.42809961734767 115.70858382550668 114.99300969233133 114.27440245514376 113.55073839018388 112.82042066474405 112.08235751398306 111.33535229548895 110.57789412823678 109.80472309731437 109.01313189333156 108.20505377678546 107.380638725831 106.54923499210916 105.72732280784648 104.96101011813917 104.1685008155739
141.99530741185296 141.22057139382648 140.42526540910933 139.55801307183563 138.66387399379244 137.76637265901743 136.86624514929406 135.96352238988635 135.0485326876993 134.10639685161118 133.11664707381803 132.08221616159466 131.01758997106288 129.91242221933595 128.74844302831863 127.51907278753379 126.29584129099158 125.20180304083685 124.27129220105432 123.34955683459559 122.42079446190021 121.50181951963893 120.60308861598892 119.74352135514616 118.91778858623354 118.1213059307394 117.37341675884711 116.65449167423338 115.94758244233651 115.24548716208433 114.5390312522914 113.82568718121323 113.10454601220354 112.37466874256226 111.63493191378643 110.8831039725245 110.11421383037649 109.33084351556194 108.53374486530271 107.72295084713684 106.91117747755662 106.12144746527336 105.37275210009685 104.61848829088586
142.77979188704265 142.02057465519982 141.21331389622267 140.26722705790547 139.32171659997644 138.37870628095084 137.43944089169122 136.49959962643152 135.54726059186115 134.56357866506875 133.55572995572436 132.5265322510067 131.46604879742077 130.3604691193895 129.19095912225663 127.9630351663741 126.75057194331984 125.62762218392731 124.61348625844303 123.62703003453225 122.64403734365706 121.71847108155703 120.82448731474503 119.95603861091737 119.12390769918417 118.32233030315666 117.58185812256401 116.87641983753753 116.18741565848272 115.5021939061647 114.80990147306576 114.10912361828207 113.39912900538762 112.67907584049041 111.94778524778508 111.20085947585943 110.43863669107706 109.66289375598966 108.87493839868209 108.07947916885453 107.29253610612363 106.53154800115384 105.78643847886075 105.03464146382834
143.3913470196071 142.66373022727782 141.89480142018894 140.84748688596667 139.8566038577657 138.88573490742343 137.91958014455278 136.95026993324515 135.97897394004028 134.9982189433665 134.0021641471454 132.9837581952642 131.9307733018145 130.8226109877223 129.63949862319762 128.42867864284983 127.25617029811691 126.15192810283725 125.07433682687004 123.99625019671038 122.92409235361556 121.93388368766847 121.01901023767094 120.15929125055305 119.3228659278466 118.51429093863545 117.77862460473251 117.09127441040422 116.42864429608711 115.76389314636329 115.08902944598435 114.40356663645582 113.70706933326896 112.99875625306328 112.27505931089452 111.53325030983584 110.77624023288483 110.01057133967956 109.24451790420764 108.4774497372681 107.72428336362825 106.99252747279023 106.25522723008672 105.50492321351305
143.85081970841784 142.98837289260314 142.0881517971318 141.19757004996814 140.2584965212868 139.30638412227552 138.34732216607324 137.3817226198495 136.41107131007664 135.4352270997115 134.4519124175083 133.45318140389762 132.41354638383825 131.29541891217917 130.09286129561164 128.90343969329615 127.75645365563972 126.64067554223875 125.5315350982755 124.41770752613057 123.28097888723258 122.18174238320513 121.19288299540024 120.33100290710954 119.51154264476816 118.70754295038336 117.9610432902928 117.30730545022574 116.67424356034087 116.03406236004582 115.3802034080928 114.71320118005332 114.03298335805015 113.33572526017116 112.61749896471697 111.87979611584748 111.13529266827273 110.39771249022982 109.6575490780246 108.92208098807747 108.19792430274816 107.47387562350865 106.73530008622392 105.98304100124396
144.33651012044612 143.41852126779645 142.4877794968483 141.58364898252552 140.66244371504803 139.72773237180874 138.78451041542482 137.83230760591056 136.87035872607967 135.89755822556637 134.91771347422133 133.92856569963007 132.91644116285022 131.75509332669827 130.55196301912792 129.38009162742864 128.2367704167889 127.1123777716455 125.98985645192909 124.86087351832064 123.71196245544162 122.51348405943881 121.35023101709393 120.43329726522751 119.64526719832806 118.93511351860084 118.25532587035804 117.60710395170368 116.97723746590546 116.34730229535195 115.7042896281644 115.04510253148803 114.37574802389797 113.6883379570498 112.97614235637603 112.24784911121152 111.53683756923482 110.82482876062741 110.11164937017104 109.40305101009726 108.69286887551385 107.96749430415103 107.22735749511588 106.47367365594204
144.74889625847754 143.81956683351478 142.89177464542655 141.97682910420002 141.06695158409485 140.1465224192936 139.2144791111388 138.27184199222032 137.31799489479002 136.35143543086616 135.3701747696387 134.38013557101655 133.3908731559423 132.20474687881625 131.01116890804923 129.84312986799839 128.69988643158385 127.57441651474177 126.44963494342653 125.31650195435584 124.1588973659621 122.94825087690968 121.7545813710775 120.98219192443428 120.2888659327197 119.58727834287853 118.87735776650831 118.15803426827847 117.45535503327324 116.77529663650645 116.10210294202928 115.42822888303706 114.74387557337197 114.05694009900269 113.35203505909902 112.66041026811769 111.97755127562941 111.29142973246944 110.60697565146634 109.91300278502099 109.20151726778288 108.47415051288037 107.73237917142406 106.97741471435391
145.1176333823547 144.1958112127653 143.28356038344407 142.37569814923225 141.4700160777061 140.55889165799906 139.6383233219183 138.70621934219906 137.76112080832115 136.8009921780045 135.82255851563409 134.8193550792849 133.7863382076907 132.6533147865945 131.45236068804255 130.28894494013446 129.14854202407645 128.02659170574373 126.91084366016086 125.7838290968034 124.61003489341945 123.43492229449029 122.55151542721916 121.77504327852117 121.01948437999746 120.27340652720537 119.53332331462792 118.79827359344513 118.06531604529258 117.33242179662365 116.60962468107053 115.89172618384528 115.17832565343979 114.46032849296606 113.76265102734584 113.1199614494354 112.47060881580958 111.8128171175489 111.13500897461235 110.43764560858155 109.72327826280484 108.99369269761857 108.25023013072759 107.49395897070939
145.45932897668217 144.55785367320118 143.66455723424872 142.77192290576784 141.8750937765142 140.97340390804985 140.06371433428077 139.14290050163999 138.2083757094685 137.25712057761282 136.28471149285537 135.28204104341452 134.22926558516463 133.10987463902558 131.87504948602245 130.715442454253 129.5842006781701 128.46936542108912 127.36539894357071 126.26817060527743 125.06281722435904 124.11589002838758 123.28679232622494 122.49234259127675 121.71575539959926 120.95018779532603 120.19294196468928 119.44325662033883 118.7005872941444 117.96146974636069 117.22462307375159 116.48948626526358 115.7516611320418 115.01923515646746 114.31211244887297 113.67229774440345 113.02295280585587 112.36023797952195 111.6766623379116 110.97507931771935 110.25762362047882 109.52574366695593 108.78046618382272 108.02049877291712
145.78792746916588 144.90974717705734 144.0366657117321 143.16106187117578 142.28038399272214 141.3926910880567 140.49596271142408 139.58787996594964 138.66551392705256 137.72480561158503 136.75958651393734 135.76031894988785 134.70882805254448 133.5844822358915 132.35030552755308 131.11080748736728 130.01250721055737 128.91521156237675 127.82165736647447 126.70712847884435 125.65107828800797 124.79428112736886 123.98265691725882 123.18544706653671 122.39846608781869 121.62023687892119 120.85007794752732 120.08791469560524 119.33413252641874 118.58789368639762 117.84609689165744 117.1087957842353 116.37525452756405 115.63648075181696 114.92148089718619 114.25349923964905 113.5917421724265 112.9203036485135 112.23050523599066 111.5246307291732 110.80409337039472 110.0698856083975 109.31960820835778 108.55359828600882
146.10444490628421 145.25395875179407 144.4022821606087 143.54616592147192 142.68388503135597 141.813631373735 140.93335786383273 140.04057631163138 139.1320404218135 138.20339187300567 137.2499981676047 136.26339035923786 135.22767398388348 134.12011035331892 132.93661438512765 131.7055370802378 130.57658043024736 129.40594441009108 128.27975876544423 127.16495744690465 126.28830696569403 125.48066344737764 124.67260387356569 123.86880773287717 123.07232501848033 122.28364356089745 121.50282879338185 120.73013295294732 119.96621687032125 119.21103691474002 118.46270267376283 117.72079138010366 116.98597031337825 116.25774672410459 115.53131739815478 114.84930486467093 114.17259826628488 113.49166072217602 112.79582475087804 112.08584291763798 111.36232235621918 110.62359298755203 109.86609009274 109.09344672683778
146.40544717180723 145.59193963244334 144.76360176785073 143.9292963751613 143.08767620578416 142.23710999526114 141.37557619096893 140.5004719714625 139.60832629547969 138.69561920310744 137.75760536021428 136.78635135183754 135.7681558845484 134.68096555099135 133.53259901289186 132.3527949884864 131.25228054777108 130.0616108782224 128.7926241956689 127.7427798004683 126.97910769752525 126.17061521481938 125.35536924139501 124.54315891362779 123.73764638349424 122.93969433730489 122.14970335148388 121.36827197514857 120.59576127766684 119.8321856170361 119.07619275086252 118.32858536156638 117.58952744664728 116.86141743118904 116.14094536126086 115.44758595201003 114.76241160950346 114.07354445555546 113.37218910946001 112.65843737211108 111.93190231183338 111.18564403273308 110.42032113959698 109.64009363626545
146.70046854936137 145.9245494591879 145.1218687742646 144.31166577002406 143.49304062446976 142.66455839737088 141.8242483561242 140.96941285443177 140.09647317294565 139.201796987158 138.28058727601604 137.32526729671235 136.32309686181023 135.25248227671622 134.12983031355117 132.99682704627293 131.93215616350668 130.81527307306823 129.53117722713367 128.48549556625252 127.68137115204411 126.85621108226516 126.03028079310438 125.20914168346826 124.39513331787713 123.58901338369712 122.79119194015261 122.00179198631336 121.22133486962392 120.44979108972494 119.68636289754343 118.93225451476512 118.18840354320707 117.4566071231585 116.74090255447712 116.04313414347426 115.35262497344385 114.66216834819527 113.95830152434488 113.24185487846475 112.51120265469413 111.75631649372667 110.98162061739009 110.19156725472102
146.99529923079777 146.25217699763147 145.47749514523076 144.6937305290446 143.90055946817017 143.09675360536363 142.28040578686142 141.44872076298807 140.59745736524866 139.72261140328916 138.8192182657141 137.8794590243022 136.890291031263 135.83106610952447 134.73098218950952 133.644094496084 132.61408291002638 131.56177471385072 130.35065420500263 129.25326881285534 128.3815519650013 127.53507965649989 126.69755828297176 125.8687489486995 125.04754754237865 124.23431067046833 123.42915399693615 122.63208212406882 121.8435151790565 121.06307868147104 120.29185957907669 119.53116368620421 118.78201863599762 118.04537500896093 117.3238334595763 116.63415111401729 115.9414657536111 115.25131703511947 114.54826460119934 113.83138027869359 113.09688344316093 112.33312122237739 111.54783608333366 110.7469040468972
147.29202280987926 146.57500343760978 145.82996434337562 145.07507261833175 144.30999724081744 143.53372931444295 142.74443840671776 141.93919768652034 141.11255340518574 140.25976063823742 139.3751823815286 138.4498625541044 137.47006433587347 136.4195715140485 135.34687734413723 134.3085324055166 133.3023855549485 132.2899142087128 131.1404645827017 129.99576926002013 129.07634384629222 128.2070489443242 127.36001607342578 126.52429208198458 125.69639730649268 124.87626216797591 124.06388940287741 123.2592317234429 122.46196375561722 121.6724692191753 120.89226660965463 120.12397517135203 119.36900048952236 118.62664898704233 117.90318124537069 117.22010097251353 116.52829992044524 115.83842732830685 115.14011915398075 114.42525257693684 113.68870355234671 112.91607921311096 112.11870008834413 111.30403551567537
147.58890628218424 146.891646701892 146.17825353867158 145.45458328159023 144.71979351641218 143.97381759820956 143.2154827630136 142.4409851790771 141.64323700338403 140.81575766561357 139.95129021706188 139.03942253973656 138.06493457267663 137.02135700619095 135.98248696779643 134.98764288715097 133.99913782393193 132.9977615289829 131.89306302641705 130.70188952553843 129.75675643287423 128.87487085960416 128.01929067180873 127.17680274278639 126.34239954013293 125.51549023835068 124.69559955039743 123.88230310472309 123.07576964192629 122.27681305298455 121.48705755056463 120.70930051423481 119.94722587496136 119.20062622134589 118.48000322843973 117.80608554351437 117.11292171689941 116.42169182918092 115.73082204834454 115.02261818299631 114.28801660316435 113.50556774190706 112.69138059521737 111.8618833253054
147.87953481963459 147.2049195151939 146.52239761480556 145.83081002165963 145.12711666691786 144.41236816257626 143.68694072654597 142.94937600474555 142.1903185129094 141.39369995032192 140.55149999063389 139.6508577135275 138.6664477452769 137.63980527111536 136.64485751214502 135.67189372010304 134.6876085539201 133.68174847309425 132.59306637329607 131.38552243822625 130.41506190641752 129.5330138307909 128.67437002530482 127.82664186285933 126.98579232071393 126.15143518140877 125.32310121508507 124.50055931170478 123.68414640572063 122.87479949767925 122.07428296161234 121.28579775445853 120.51511694075973 119.76563187975346 119.0571125248266 118.39316458390431 117.69958706878597 117.00488069814253 116.31238690971529 115.61974403788355 114.89639742234056 114.09955065414974 113.26250583162772 112.41260225830528
148.15751045654292 147.51545276956864 146.86217318465256 146.19987031577037 145.52777815845488 144.84491451718256 144.15310910705514 143.45325122484564 142.74266319263316 141.99640424474478 141.18115369238933 140.27934912998555 139.2781902787427 138.29306514720474 137.33167269182738 136.36845247931032 135.3903900644266 134.38849336312492 133.29972207249128 132.05098226219366 131.05532988981213 130.17960481496561 129.32217078318786 128.47156079636744 127.62521481546871 126.78328620522261 125.94614383769155 125.11368072919574 124.28630597670474 123.465053403066 122.65193629317402 121.85087843677323 121.06934739105152 120.31936527839449 119.64203045145159 118.98000029039186 118.27312458537821 117.56725148539232 116.87158161716343 116.18780495371092 115.50981953265263 114.67652996954143 113.8047655632388 112.93880286599523
148.4144582730292 147.8032564237934 147.1829433004964 146.55398823246406 145.91448387832162 145.2631840632727 144.60505792832797 143.94318586899848 143.2800624691678 142.61008010807043 141.84508178636986 140.8954225801119 139.9141430373768 138.95163327527192 138.00097569872443 137.05991850682614 136.11218914659761 135.12561917677564 134.04395963917705 132.70058810201806 131.6753756485781 130.816609301933 129.96480253351166 129.1133459828147 128.26254664440822 127.41290833276338 126.56613407798477 125.72244580375325 124.88226517653663 124.04662639228293 123.2177030305873 122.40014097811631 121.60488337226414 120.86386580991748 120.23002337678983 119.53394068762607 118.80104302388546 118.08177492700983 117.37472389138016 116.67518856438977 115.96180405915982 115.1472830170875 114.28854619140806 113.42949834693546
