nni.asc
NCOLS 251
NROWS 251
XLLCORNER 2
YLLCORNER 3
CELLSIZE 1
NODATA_VALUE -99999
[rows 76 to 94 of 251, columns 44 to 87 of 251]
109.30874371634263 109.82106835204841 110.33727420116047 110.85910770164273 111.38319171575095 111.91027408621542 112.44226609660899 112.97591875098753 113.5115564673256 114.05041041469883 114.58657895994718 115.109423799649 115.60122579905739 116.08840110125294 116.55172947548265 117.00000904478247 117.44837678921105 117.89865626646039 118.34906393071553 118.79569087631644 119.24529511760655 119.70402468307535 120.19396479155093 120.76632869286647 120.9531482521509 121.22109995231904 121.51256354391985 121.81394130396585 122.12099706712814 122.42910120517084 122.73468534733566 123.03284623492279 123.31522898153824 123.56713530092816 123.74941979496128 123.93755795237773 124.1342259069064 124.33206199636905 124.52968850853883 124.72720334936388 124.92493194701026 125.11804829000674 125.30339766992711 125.4792064398646
110.02974310479061 110.53519894300595 111.04323871413587 111.55757385342278 112.08061656079266 112.60899561247476 113.13797301818077 113.66534734990357 114.19230786038675 114.71385551988622 115.22504566335535 115.71706288716547 116.20831812288786 116.7009625225949 117.1866830886143 117.65929479429631 118.12464068546294 118.58792978816464 119.05025235896218 119.50644123778811 119.96012199577368 120.42833189394472 120.94270999888468 121.3334086526445 121.58128941384874 121.85140858643912 122.13875083113564 122.43853906132166 122.74339751537019 123.04863859807841 123.35062404760197 123.64562689053338 123.92674728399629 124.1919456861459 124.41418271305434 124.61520574534117 124.82103991990056 125.02456727173826 125.22682290126265 125.42864793876377 125.63054229061954 125.82648912487349 126.01330737540337 126.18787688773351
110.74878493345807 111.24796307872992 111.74909608585882 112.25493128318058 112.77473977607141 113.30151394839598 113.82215988695037 114.33740273921296 114.84466457977246 115.34342184611018 115.83366843769016 116.32401301642109 116.81509018898666 117.30714961741857 117.8005625673462 118.29061666090882 118.77309535044816 119.25259728517047 119.73133403881795 120.20332209906769 120.65899607376087 121.11972154828172 121.52923876106264 121.88498640293044 122.18111851905408 122.46035112001567 122.75438781130457 123.05795414995083 123.3647024037525 123.67104058831424 123.97402963014332 124.27091423711069 124.55836914396278 124.83432993253564 125.08458810182307 125.30270516641622 125.5150025348427 125.72366337286779 125.93043332296389 126.13660524369705 126.34284191260475 126.54230591893959 126.72989713354441 126.90252672497928
111.47508134208107 111.96928530337075 112.46303049095201 112.9577625417557 113.46500006403299 113.97844622420094 114.46734873744212 114.95181283449702 115.4372080174521 115.92742140865042 116.42253876018144 116.92139668534475 117.42044307668583 117.91314886841681 118.40570212581302 118.89979854389131 119.39636417726393 119.89325928746966 120.3897958205049 120.88207604977242 121.27734942614084 121.67381278843037 122.06900277635734 122.44160012553176 122.7615926778579 123.0588798627855 123.36466724734575 123.67504728930433 123.98627628577364 124.2961029258251 124.60258670829229 124.9043625249703 125.20220399027538 125.49499123310113 125.78209759223033 126.02018445001042 126.22836414648351 126.43579367373107 126.64318794926379 126.85145148899267 127.06037854035655 127.26288401542583 127.45146761859873 127.62308571180058
112.19867695355268 112.67932654794345 113.15844395346679 113.63141874682667 114.08005149213501 114.52383279949967 115.00041435766919 115.48283286963718 115.97042852255144 116.46442332240281 116.96562073062597 117.47383362999163 117.98802847110112 118.50496249566368 119.01076120691901 119.5037843655736 119.99926969860581 120.49739249343799 120.97820477711755 121.39847968072682 121.79913478878932 122.20111160580707 122.6030654253272 122.99407001326121 123.33450590016407 123.64870832952974 123.97017077728026 124.29027127346924 124.60816727333011 124.9233055745319 125.23538345218498 125.54587168463163 125.85545591250505 126.16552857062983 126.48140163291387 126.73976826997115 126.94423182300294 127.1481826072327 127.3547566880439 127.56368133046828 127.77433472141338 127.98353704619754 128.17790288885766 128.3493525581852
112.87282608599659 113.3246231594081 113.77096423106676 114.20899354666616 114.63533994177078 115.0551080906885 115.5061520514823 115.98124199086409 116.47287912889354 116.97021212541357 117.47484280311804 117.98895227435517 118.51318371170211 119.04568947646942 119.5845486605202 120.10770389682435 120.6021440488179 121.0841995011674 121.50298525547781 121.89974261447189 122.30080534715671 122.70721641328532 123.11866048776142 123.53110089888685 123.90805627150942 124.23764368234781 124.57325446555937 124.90483979892468 125.23161668236193 125.55469358079274 125.87562198719468 126.19617401006096 126.5181389119477 126.84455171069979 127.18292441102511 127.45677648972487 127.65051755245395 127.85197191744587 128.05866697168452 128.26909916594727 128.48242611646677 128.6977072551386 128.90679508019159 129.0717568206227
113.49906798551868 113.92508747127357 114.346573473312 114.76680307864812 115.17699369663167 115.5867213851436 116.02288884036024 116.48108374259277 116.96075569437008 117.45913766725245 117.96486800518004 118.4793957100333 119.00592715730315 119.54722846877989 120.10089312094446 120.66819333003835 121.20360491065011 121.60029353927047 121.9878788450928 122.38361863739036 122.78607404896451 123.19533161051012 123.6115896075293 124.03491516971813 124.46242493221392 124.82868757107175 125.18271706350698 125.5268047335629 125.86347939572586 126.19578087824095 126.52441789237568 126.8507928019566 127.17899706724876 127.51310113693756 127.86335813350193 128.1549375939629 128.34242152427996 128.54243418912657 128.75041526027061 128.96159505214496 129.17315797961385 129.38968554361068 129.6154263524197 129.74080757286097
114.0972501773919 114.50128931082304 114.90549011083021 115.30947437334054 115.70460622070226 116.10831325473728 116.53548663313155 116.9827142311443 117.4495572304472 117.93743548348944 118.44239026565873 118.95514527791059 119.47837038068492 120.0163332505944 120.57104628119224 121.13539177860362 121.663431777921 122.06552385765752 122.45695385676078 122.8545347590019 123.25879893499908 123.6703216360811 124.09301190492849 124.52572003445468 124.96647831209005 125.43097151132908 125.81128983978834 126.16479802007838 126.51070866584541 126.84921186040218 127.17957336971618 127.50620090746744 127.83250142432243 128.162923610329 128.4890744818636 128.7834757168412 129.01216970231158 129.21558970318074 129.41709397421403 129.61115345324023 129.80467617393447 129.99781826309288 130.17727860866825 130.2858758932888
114.67510613565892 115.06035229114487 115.44870581621376 115.83682752589402 116.21903469579205 116.6180727427444 117.0392381697465 117.47879204258882 117.93636291649042 118.41296263834943 118.9105921991549 119.41991190688933 119.93754389723793 120.4656650795752 121.00721368117792 121.54945623231374 122.06340970935047 122.50239195216476 122.91140704743006 123.31502499729338 123.72249319348948 124.14370075748523 124.57751311267293 125.02213542491178 125.47714518663298 125.95521009780909 126.45173490292657 126.83790807687058 127.18357158888271 127.51562160857986 127.83480239394721 128.14810826289624 128.4639294491994 128.7802853633889 129.08772840010153 129.39009641052746 129.65489311804427 129.86219012133748 130.04191660957522 130.21287385134778 130.38049210359023 130.54193200824741 130.69199800309195 130.81149051600306
115.23499871729825 115.60290442911463 115.97522825348761 116.34755185570985 116.72134824095748 117.116557748226 117.53252237759865 117.96647488726614 118.41703896795369 118.88489360801383 119.37181970947054 119.87575788703748 120.38585292144091 120.90213372797444 121.42444628669507 121.9519960824186 122.46603233806239 122.92679657003045 123.35164172379018 123.76621229639713 124.18289523297855 124.61405837026872 125.05849959503178 125.51500441922401 125.98361759564654 126.47278417201092 126.98460676692685 127.49405057590224 127.86586086261984 128.14948418494504 128.43596269163166 128.7302239224788 129.02915361196847 129.3323322655102 129.6458567815231 129.96986167655675 130.28744065399877 130.48341036667415 130.64126320673128 130.79651842889504 130.94577653047696 131.08427044407287 131.20829338329057 131.33232676918175
115.77610261374973 116.12695906660849 116.4830719706281 116.84026907626486 117.21222364273058 117.60474210424368 118.01599548158897 118.44461865673044 118.88965823572696 119.35053394578762 119.82832974037811 120.3238523268659 120.82520460525896 121.32895028387756 121.83757368970214 122.35640640214265 122.87136639335966 123.34566410911098 123.7845439574765 124.21088889200186 124.63906670421176 125.08017610475844 125.53328752933098 125.99183686563549 126.4610693292329 126.94918200001675 127.45178552113357 127.96001623728276 128.38805942742061 128.67764078783418 128.95831187974085 129.24583025419756 129.54175865914792 129.84709969915633 130.16277125223647 130.48871073757135 130.82285726789945 131.0759115512356 131.24438719465286 131.38695730233547 131.52104818503838 131.64360507870308 131.7536520828519 131.85433613457752
116.29561756932284 116.6294878271737 116.96929700049857 117.32036777371263 117.69224348040524 118.08264520422553 118.48972844196722 118.91296272739551 119.35207603224174 119.80705770168832 120.27822798311112 120.76608078201484 121.25991352506642 121.75555339837635 122.2550355564752 122.76354095846199 123.27834715170462 123.76091903797567 124.21323762934203 124.65126106137097 125.0906953859554 125.53711140897981 125.98395609255803 126.43869401498704 126.90634488728945 127.38991598573348 127.88256551235887 128.3740397759624 128.79806670344368 129.14290877530988 129.43868935722315 129.7318163626676 130.03145783105208 130.33979797553638 130.65604047951015 130.97875851449942 131.2992306776404 131.57461478027568 131.80061671523814 131.98387175040523 132.1172730508865 132.23049047999544 132.3292959259956 132.409893981935
116.78902800243512 117.1062063476327 117.43720844998019 117.7896524043315 118.15999839572576 118.5468513744123 118.94974514364452 119.36840554388688 119.80275580650158 120.2529489114077 120.71943706117844 121.20305639273775 121.69470775777151 122.1848780944832 122.6758556743399 123.17471520604015 123.68562683351104 124.17338819929566 124.63929696530356 125.08850443837098 125.53466104916481 125.96933033065363 126.40999842623408 126.86244177363872 127.32910769274987 127.80763728019707 128.2949075509128 128.77588108577507 129.20296842507037 129.57939083918757 129.90459813018907 130.20351740271525 130.50867513222732 130.82024956816497 131.1372023653226 131.4574378043303 131.7737250973564 132.06511726983732 132.32448482171387 132.549645164887 132.73062956489193 132.84544832229238 132.93653802519162 133.01054876183144
117.25010593496506 117.56145663881986 117.89454507542757 118.2458171255985 118.61346884485003 118.99707284492298 119.3963684103501 119.81125742946791 120.24182011244025 120.68835353135353 121.15144325804265 121.63205089471931 122.12195700023538 122.61258760550783 123.09932563173189 123.58886904692608 124.094597693955 124.57847767877846 125.05863885257725 125.52643222564659 125.95389469067614 126.37687886937222 126.81380144962684 127.26526718849576 127.73004238804903 128.2066145464716 128.69258964365255 129.17279708231828 129.60945438007857 130.0062691046018 130.35728306352235 130.66705828362956 130.97717815617776 131.2917006098307 131.6092241858131 131.92826024535958 132.24883617713004 132.55493994655362 132.84086755669784 133.10045642318119 133.32589958360686 133.48784161819023 133.5776044565697 133.65990930401225
117.69159858769248 118.00655008683785 118.33931548574678 118.68838495539113 119.05336229091945 119.43398895962851 119.8301532485169 120.24189411698889 120.66942262356642 121.11316430911168 121.57383316368795 122.05231961645356 122.53986370056114 123.03057615489433 123.52147143417827 124.00486052087905 124.5024323358191 124.98216644920205 125.44832979728665 125.89110259382781 126.3222126088497 126.75063708345655 127.19024439061181 127.64332525653654 128.10958483412807 128.58773193890977 129.0756399154086 129.56296490015635 130.0174273814721 130.43430723170647 130.80448690803553 131.1246389128017 131.43881849742485 131.75518780048407 132.07322691274103 132.39343235493996 132.71728464786804 133.0370031982698 133.34441598225447 133.63762512637786 133.91086035260454 134.13441207709297 134.2497836663308 134.29162193992204
118.12247327830895 118.43982541887334 118.77128127616825 119.11794633223666 119.48028533259108 119.85815350534939 120.25154850168822 120.66061624564426 121.0856733909209 121.52724824718979 121.98614796076434 122.46243058814169 122.94650172329291 123.43576651626199 123.92974154162204 124.42189503421213 124.89544128723035 125.33616937509454 125.77077733582297 126.20577842364129 126.64534073095092 127.08843290713095 127.53702347062692 127.99600031529349 128.46743265174607 128.95002301421596 129.44260391885285 129.94495695884336 130.42539308544417 130.86658896624866 131.2548156948248 131.5816616354408 131.89672310171238 132.20928240740264 132.5250348899788 132.84593743638175 133.1722294414457 133.50337634656645 133.83008387864515 134.14892799472227 134.46162352530393 134.76050363794042 134.9218864341539 134.89660846428436
118.54203775793327 118.85987229183539 119.19064513572152 119.53502429157669 119.89474935324802 120.27001764275143 120.66090317284882 121.06762770506086 121.49057622262767 121.93032160191464 122.38764974875654 122.85923613024102 123.33505649530134 123.8148119105389 124.29684543598657 124.75845609763208 125.18286829222781 125.62074264012548 126.06336136802713 126.50772580034217 126.95660936637269 127.40648431928653 127.86067911102086 128.32513572529567 128.80263447417423 129.29332705417022 129.79615654068778 130.31208721796645 130.8286298133805 131.30421682604305 131.71141263393127 132.03510403593626 132.337922661746 132.64600733994422 132.9619973212457 133.28525717420743 133.61494980403253 133.95031743406867 134.28933203658238 134.62873326344933 134.96670703777235 135.3097999564101 135.55165031421404 135.485185291732
118.94705913852917 119.26674559380339 119.59659530613801 119.93984145347554 120.29720538276939 120.66996149798905 121.0584842576956 121.4630274600757 121.88397447306048 122.32167576434358 122.77395973177038 123.23250233029675 123.693127660323 124.1534984259633 124.60766948064413 125.02552853131067 125.44920497552638 125.88534429750791 126.33126369105835 126.78543740744553 127.2442584250799 127.70653383353127 128.17135143559008 128.63947062944266 129.12184859847648 129.62210878166823 130.136354511817 130.66514214141446 131.2097253035202 131.74439675659036 132.1747716767226 132.4649273857929 132.7592271067778 133.06716358962936 133.3859439518365 133.71319793428776 134.047321299791 134.38658915263088 134.72891909148012 135.07080488236144 135.4099121261271 135.74193313981513 136.02721888597856 136.0642121910342
119.33225075224497 119.66059483775155 119.98920046918093 120.33131635706775 120.68747834610971 121.05831028638642 121.44451366960202 121.84680994700231 122.26536341799789 122.6976265030288 123.13867914824674 123.58095099668286 124.02220605314258 124.46030737788749 124.8825177183782 125.28828202255957 125.71275928470631 126.1482751298997 126.59327065432225 127.04875883367212 127.51376293592293 127.98522505454302 128.46085504633936 128.94008669412273 129.42591234641714 129.93465372086033 130.46075069121656 131.0010867159447 131.5580167204303 132.1373002745635 132.596070305623 132.86408992200816 133.1595900122182 133.4724321318713 133.79708964140045 134.130398576334 134.47013849350432 134.8142431481112 135.158551304769 135.50040960937906 135.8367223621937 136.15936041475206 136.45031982960722 136.5924376985099
