tin.asc
NCOLS 251
NROWS 251
XLLCORNER 2
YLLCORNER 3
CELLSIZE 1
NODATA_VALUE -99999
[rows 228 to 246 of 251, columns 132 to 175 of 251]
108.13389987975339 108.27713066266146 108.42036144556953 108.57243260527135 108.79062966403511 109.00882672279889 109.22702378156265 109.44522084032641 109.66341789909019 110.13354711070761 110.52620923385413 110.89624786196183 111.26628649006955 111.63632511817723 112.00636374628493 112.36662776839911 112.70411375685748 113.04159974531586 113.37908573377425 113.8013937645189 114.31923025701181 114.83229599038918 115.34536172376656 115.8347984542837 116.31460116873369 116.79440388318366 117.27420659763365 117.8558460597461 118.40148585830259 118.78819246271551 119.1235502261316 119.47018653136763 119.85985299436564 120.24951945736368 120.63918592036168 121.02902937909707 121.44498116279327 121.8609329464895 122.27688473018573 122.61357670114512 122.87960780422276 123.14563890730038 123.411670010378 123.67770111345563
107.30474791808346 107.44797870099151 107.5912094838996 107.73444026680767 107.90780549581979 108.12600255458355 108.34419961334733 108.5623966721111 108.80853149957275 109.30534361980644 109.61447943121222 109.9633596219459 110.33339825005359 110.7034368781613 111.073475506269 111.41512162740726 111.75260761586561 112.09009360432401 112.62159729896456 113.18322175541978 113.67405193575779 114.18711766913516 114.70018340251254 115.21324913588991 115.7263148692673 116.23938060264467 116.75244633602205 117.26551206939942 117.77562378889293 118.16529025189094 118.55495671488897 118.944623177887 119.33428964088503 119.72395610388304 120.11362256688106 120.52630992735189 120.94226171104812 121.35821349474433 121.77416527844056 122.19011706213679 122.50107752881735 122.76710863189497 123.03313973497261 123.29917083805023
106.47559595641353 106.61882673932159 106.76205752222964 106.90528830513773 107.0485190880458 107.24317838636821 107.46137544513198 107.67957250389576 108.0985743621103 108.40771017351608 108.71684598492186 109.03047138192993 109.40051001003765 109.77054863814534 110.12612949795701 110.46361548641539 110.88017637695503 111.44180083341024 112.00342528986545 112.56504974632064 113.02887361450377 113.54193934788115 114.05500508125854 114.5680708146359 115.08113654801329 115.59420228139066 116.10726801476804 116.62033374814541 117.25006043541231 117.63972689841033 118.02939336140835 118.41905982440639 118.8087262874044 119.19839275040243 119.60763869191051 120.02359047560672 120.43954225930295 120.85549404299917 121.2714458266954 121.68739761039163 122.10334939408786 122.38857835648959 122.6546094595672 122.92064056264483
105.56004239742872 105.76052520261226 105.93290556055972 106.07613634346778 106.21936712637586 106.36259790928395 106.57855127691666 106.79674833568043 107.20094091581994 107.51007672722572 107.81921253863152 108.1283483500373 108.46762177002168 108.83713736850679 109.17462335696516 109.70037991140069 110.26200436785588 110.8236288243111 111.3852532807663 111.94687773722154 112.38986902640661 112.89676102662713 113.4098267600045 113.9228924933819 114.43595822675925 114.94902396013666 115.46208969351403 116.08212615463349 116.72449708193169 117.11416354492971 117.50383000792773 117.89349647092578 118.28316293392379 118.68896745646913 119.10491924016536 119.52087102386157 119.93682280755779 120.35277459125402 120.76872637495023 121.18467815864648 121.60062994234266 122.01004808108418 122.2760791841618 122.54211028723942
104.56934333923098 104.76982614441454 104.97030894959806 105.1707917547816 105.37127455996513 105.533445947614 105.69572710870133 105.99417165812379 106.30330746952957 106.61244328093535 106.92157909234115 107.23071490374696 107.53985071515272 107.95895898939112 108.52058344584634 109.08220790230155 109.64383235875675 110.20545681521196 110.76708127166717 111.32870572812237 111.77709111485673 112.25158270537314 112.76464843875051 113.27771417212789 113.79077990550525 114.30384563888265 114.85386179122933 115.60895821545972 116.19893372845107 116.58860019144909 116.97826665444711 117.36793311744515 117.77029622102773 118.18624800472395 118.60219978842018 119.01815157211641 119.43410335581264 119.85005513950885 120.26600692320507 120.6819587069013 121.09791049059754 121.51386227429376 121.89754890875639 122.16358001183401
103.57864428103326 103.77912708621682 103.97960989140034 104.18009269658386 104.38057550176741 104.58105830695095 104.80285739897315 105.10950643372973 105.4208488819157 105.7321913301017 106.04353377828767 106.35487622647364 106.69355135448805 107.32595876317589 107.9024114367472 108.46403589320241 109.02566034965761 109.58728480611282 110.14890926256804 110.71053371902326 111.16431320330685 111.60640438411913 112.11947011749649 112.63253585087386 113.14560158425125 113.65866731762863 114.38069385205557 115.13579027628595 115.67337037497043 116.06303683796847 116.4527033009665 116.85162498558634 117.26757676928257 117.6835285529788 118.09948033667503 118.51543212037123 118.93138390406747 119.34733568776369 119.76328747145992 120.17923925515615 120.59519103885235 121.01114282254858 121.42709460624481 121.78504973642863
102.58794522283554 102.78842802801907 102.98891083320262 103.18939363838614 103.38987644356968 103.64560802759495 103.94694657002282 104.24828511245066 104.55755230045827 104.86889474864427 105.18023719683025 105.49157964501622 105.98029373106331 106.61270113975115 107.24510854843899 107.84586388410327 108.40748834055849 108.96911279701371 109.5307372534689 110.09236170992412 110.55153529175695 110.96122606286511 111.47429179624248 111.98735752961986 112.50042326299723 113.1524294886514 113.90752591288182 114.66262233711218 115.14780702148983 115.53747348448786 115.93295375014496 116.34890553384118 116.7648573175374 117.18080910123362 117.59676088492985 118.01271266862608 118.42866445232231 118.84461623601854 119.26056801971474 119.67651980341097 120.0924715871072 120.50842337080341 120.92437515449964 121.34032693819586
101.59724616463782 101.79772896982135 101.99821177500488 102.1986945801884 102.48835865621675 102.7896971986446 103.09103574107246 103.39237428350032 103.69425571900084 104.00559816718682 104.31694061537281 104.63462869895073 105.26703610763857 105.89944351632641 106.53185092501425 107.1642583337021 107.78931633145936 108.35094078791458 108.91256524436979 109.47418970082498 109.9387573802071 110.31604774161109 110.82911347498847 111.34217920836585 111.92416512524726 112.67926154947764 113.43435797370805 114.18945439793842 114.62224366800922 115.01428251470357 115.4302342983998 115.84618608209604 116.26213786579224 116.67808964948847 117.09404143318469 117.5099932168809 117.92594500057714 118.34189678427339 118.75784856796959 119.1738003516658 119.58975213536205 120.00570391905825 120.42165570275448 120.84443883715906
100.60654710644009 100.80702991162363 101.02977074241068 101.33110928483853 101.63244782726639 101.93378636969425 102.2351249121221 102.53646345454997 102.83780199697782 103.14230158572938 103.45364403391537 103.92137107552597 104.55377848421382 105.18618589290168 105.81859330158952 106.45100071027736 107.0834081189652 107.71581552765305 108.29439323527065 108.85601769172585 109.3259794686572 109.67086942035709 110.18393515373445 110.69700088711184 111.4509971860735 112.2060936103039 112.96119003453427 113.70701385153058 114.09668031452861 114.5115630629584 114.92751484665465 115.34346663035086 115.75941841404706 116.1753701977433 116.59132198143952 117.00727376513575 117.4236590402392 117.84817334915618 118.27268765807317 118.69720196699014 119.1217162759071 119.54623058482412 119.97074489374107 120.39124210514296
99.61584804824236 99.87252137103246 100.17385991346035 100.47519845588819 100.77653699831605 101.07787554074392 101.37921408317175 101.68055262559963 101.98189116802747 102.28322971045534 102.59034745245795 103.20811345210124 103.84052086078908 104.47292826947694 105.10533567816476 105.73774308685262 106.37015049554049 107.00255790422831 107.63496531291615 108.23784568262673 108.71320155710731 109.05184831848463 109.53875683248044 110.22273282266934 110.97782924689972 111.7329256711301 112.48802209536049 113.18145049804995 113.59289182751702 114.00884361121325 114.42739355223631 114.85190786115331 115.27642217007028 115.70093647898726 116.12545078790424 116.54996509682121 116.9744794057382 117.39899371465518 117.82350802357216 118.24802233248913 118.6725366414061 119.09685523180677 119.5156148368796 119.93437444195243
98.71527199965428 99.01661054208212 99.31794908450998 99.61928762693785 99.92062616936569 100.22196471179355 100.52330325422142 100.82943693796042 101.1429409222537 101.45644490654698 101.86172963211219 102.51386216952213 103.14513722204678 103.77641227457143 104.40768732709607 105.03896237962071 105.67023743214536 106.30151248467 106.93278753719464 107.5640625897193 108.07740584324725 108.43907040693472 108.99446845926519 109.74956488349558 110.4745288695049 111.19069580383088 111.90686273815686 112.62302967248284 113.12918529990135 113.55369960881833 113.97821391773532 114.40272822665229 114.82724253556927 115.25175684448624 115.67627115340322 116.1007854623202 116.5252997712372 116.94981408015417 117.37432838907114 117.79884269798812 118.22122796354341 118.63998756861625 119.05874717368906 119.47750677876186
97.8595510974288 98.17305508172208 98.48655906601533 98.80006305030861 99.11356703460187 99.42707101889513 99.74057500318841 100.05407898748166 100.36758297177494 100.6810869560682 101.10452428863545 101.84156415093882 102.47403413033388 103.10530918285852 103.73658423538316 104.36785928790782 104.99913434043246 105.63040939295709 106.26168444548173 106.86982935293548 107.2648295141374 107.73072324864243 108.37719326527059 109.02580878260244 109.74197571692844 110.45814265125442 111.17430958558042 111.8904765199064 112.60664345423237 113.10451997431733 113.5290342832343 113.95354859215128 114.37806290106826 114.80257720998524 115.22709151890221 115.65160582781918 116.07612013673617 116.50063444565315 116.92514875457013 117.34560069528005 117.76436030035286 118.18311990542567 118.60187951049849 118.97327865238263
97.08419314695004 97.3976971312433 97.71120111553657 98.02470509982983 98.3382090841231 98.65171306841637 98.96521705270965 99.2787210370029 99.59222502129614 99.90572900558944 100.34731894515869 101.08435880746207 101.80293103862097 102.43420609114561 103.06548114367025 103.6967561961949 104.32803124871955 104.9593063012442 105.59058135376884 106.05725302382564 106.50401448212135 107.15048449874952 107.7969545153777 108.44342453200588 109.08989454863406 109.73636456526222 110.44175643300393 111.15792336732991 111.8740903016559 112.59025723598188 113.0798546487333 113.50436895765027 113.92888326656724 114.35339757548422 114.77791188440119 115.20242619331819 115.62694050223516 116.05121382194388 116.46997342701667 116.8887330320895 117.30749263716231 117.72625224223512 118.14501184730796 118.45940255170385
96.30883519647128 96.62233918076453 96.9358431650578 97.24934714935105 97.56285113364433 97.87635511793758 98.18985910223086 98.50336308652413 98.8168670708174 99.13037105511066 99.59011360168195 100.32715346398534 101.06419332628872 101.76310299943272 102.39437805195737 103.025653104482 103.65692815700666 104.2882032095313 104.84967653351387 105.27730571560026 105.92377573222844 106.5702457488566 107.21671576548479 107.86318578211299 108.50965579874115 109.15612581536934 109.80259583199751 110.44906584862571 111.14153714907944 111.85770408340542 112.57387101773139 113.05518932314926 113.47970363206622 113.9042179409832 114.32873224990018 114.75324655881715 115.1755865536805 115.5943461587533 116.01310576382613 116.43186536889894 116.85062497397178 117.26938457904458 117.6881441841174 117.9455264510251
95.56420545975263 95.84698123028578 96.16048521457903 96.47398919887229 96.78749318316555 97.10099716745884 97.41450115175208 97.72800513604535 98.04150912033862 98.3550131046319 98.83290825820521 99.5699481205086 100.30698798281196 101.04402784511534 101.72327496024447 102.35455001276911 102.98582506529374 103.61710011781838 104.05059694907918 104.69706696570735 105.34353698233554 105.99000699896372 106.6364770155919 107.28294703222008 107.92941704884825 108.57588706547644 109.2223570821046 109.8688270987328 110.51529711536097 111.16176713198914 111.84131786515493 112.55748479948092 113.03052399756523 113.45503830648218 113.87955261539918 114.29995928541713 114.71871889048995 115.13747849556276 115.55623810063557 115.9749977057084 116.39375731078121 116.81251691585405 117.20483602787148 117.43165035034633
94.86344010650976 95.11895295112355 95.38512726410026 95.69863124839353 96.01213523268679 96.32563921698005 96.63914320127331 96.95264718556659 97.26615116985985 97.5796551541531 98.07570291472847 98.81274277703184 99.54978263933522 100.2868225016386 101.02386236394199 101.6834469210562 102.31472197358084 102.82952371409226 103.47035819918625 104.11682821581445 104.76329823244264 105.40976824907081 106.056238265699 106.70270828232718 107.34917829895535 107.99564831558354 108.64211833221171 109.2885883488399 109.93505836546807 110.58152838209624 111.22799839872442 111.8744684153526 112.54109858123044 113.00557241208095 113.42433201715376 113.84309162222657 114.2618512272994 114.68061083237222 115.09937043744503 115.51813004251785 115.93688964759066 116.35564925266348 116.69095992719272 116.91777424966756
94.16267475326688 94.41818759788067 94.67370044249446 94.92921328710825 95.23677728220802 95.55028126650129 95.86378525079454 96.17728923508781 96.49079321938108 96.80429720367434 97.31849757125171 98.05553743355509 98.79257729585848 99.52961715816186 100.26665702046523 101.00369688276861 101.62194722378051 102.24364943266518 102.89011944929337 103.53658946592155 104.18305948254972 104.8295294991779 105.47599951580608 106.12246953243427 106.76884589909345 107.41508933254576 108.06133276599807 108.70757619945039 109.35381963290268 110.000063066355 110.64630649980731 111.25892215342503 111.71763799937445 112.17635384532383 112.63506969127323 113.09737674938695 113.58385577704702 114.0703348047071 114.55681383236717 115.04329286002724 115.48002198440012 115.89878158947295 116.16268508442427 116.34522188042983
93.46190940002401 93.71742224463782 93.97293508925159 94.22844793386538 94.48396077847917 94.77492331602251 95.08842730031579 95.40193128460905 95.71543526890231 96.02893925319556 96.56129222777497 97.29833209007836 98.03537195238172 98.7724118146851 99.50945167698849 100.25329860655854 101.01554999747657 101.6617934309289 102.3080368643812 102.9542802978335 103.60052373128582 104.24676716473812 104.89301059819044 105.53925403164274 106.18549746509504 106.83174089854737 107.47798433199966 108.12422776545199 108.77047119890429 109.27794355632585 109.73665940227525 110.19537524822466 110.65409109417405 111.11280694012345 111.57152278607288 112.03023863202228 112.48895447797166 112.94767032392107 113.40638616987047 113.87732002003274 114.36379904769281 114.85027807535289 115.33675710301296 115.77577667555391
92.76114404678115 93.01665689139494 93.27216973600872 93.52768258062251 93.7831954252363 94.03870826985009 94.31306934983701 94.62657333413027 94.94007731842353 95.25358130271681 95.80408688429823 96.5411267466016 97.278166608905 98.01520647120837 98.82099494093569 99.69019334798446 100.43220156347817 101.07844499693047 101.7246884303828 102.3709318638351 103.01717529728741 103.66341873073972 104.30966216419202 104.95590559764435 105.60214903109664 106.24839246454896 106.83824911327727 107.29696495922666 107.75568080517607 108.21439665112547 108.67311249707487 109.13182834302427 109.59054418897367 110.04926003492307 110.50797588087246 110.96669172682188 111.42540757277129 111.88412341872069 112.34283926467009 112.80155511061949 113.26027095656887 113.71898680251832 114.17770264846772 114.65726329067854
