tin.asc
NCOLS 251
NROWS 251
XLLCORNER 2
YLLCORNER 3
CELLSIZE 1
NODATA_VALUE -99999
[rows 0 to 18 of 251, columns 132 to 175 of 251]
65.19882237578898 65.10295790760999 65.007093439431 64.911228971252 64.81536450307301 -99999.0 -99999.0 -99999.0 -99999.0 -99999.0 -99999.0 -99999.0 -99999.0 -99999.0 -99999.0 -99999.0 -99999.0 -99999.0 -99999.0 -99999.0 -99999.0 -99999.0 -99999.0 -99999.0 -99999.0 -99999.0 -99999.0 -99999.0 -99999.0 -99999.0 -99999.0 -99999.0 -99999.0 -99999.0 -99999.0 -99999.0 -99999.0 -99999.0 -99999.0 -99999.0 -99999.0 -99999.0 -99999.0 -99999.0
73.30562151596723 73.20464355875232 73.10366560153743 72.83513907056553 72.54393129161792 72.2527235126703 71.96151573372268 71.67030795477505 71.37910017582743 71.08789239687982 70.7966846179322 70.50547683898458 70.21426906003695 69.92306128108935 69.63185350214172 69.19423446175203 68.59980483804691 68.00537521434177 67.41094559063663 66.8165159669315 66.22208634322637 65.62765671952124 65.0332270958161 64.39028510828042 63.699104500066696 63.00792389185296 62.331763552690155 61.61064961528339 60.94631126212127 60.28197290895915 59.61763455579703 58.9532962026349 58.28895784947278 57.62461949631066 56.960281143148535 56.29594278998641 55.63160443682429 54.99712243610915 54.533276158188926 54.069429880268686 53.60558360234846 53.14173732442822 52.67789104650798 52.214044768587755
76.14862448466259 75.80411789950284 75.45961131434309 75.11510472918334 74.7705981440236 74.42609155886383 74.0815849737041 73.73707838854435 73.39257180338458 73.04806521822483 72.70355863306509 72.35905204790535 71.76294002584295 71.06445092760427 70.36198219743851 69.72491131981387 69.13048169610873 68.5360520724036 67.94162244869847 67.34719282499333 66.7527632012882 66.11867526027062 65.4274946520569 64.74655536091713 64.12795198963003 63.509348618342955 62.89074524705587 62.27214187576878 61.31021326170859 60.53900142608278 59.874663072920654 59.21032471975853 58.5459863665964 57.88164801343429 57.21730966027215 56.55297130711004 55.888632953947905 55.22429460078578 54.55995624762366 53.89561789446154 53.231279541299415 52.56694118813729 51.90260283497517 51.23826448181305
77.69446234481089 77.34995575965114 77.00544917449139 76.66094258933163 76.31643600417188 75.97192941901213 75.62742283385238 75.28291624869262 74.93840966353288 74.4719048475553 73.77341574931661 73.07492665107793 72.37643755283928 71.67794845460058 70.97590158093043 70.2620855993249 69.66115855417057 69.06672893046543 68.4722993067603 67.84706541226083 67.15588480404709 66.53714259026198 65.9185392189749 65.2999358476878 64.68133247640071 64.06272910511362 63.44412573382654 62.82552236253945 62.206918991252365 61.25435949558744 60.28866297072703 59.66769685080165 59.01542834595108 58.36315984110051 57.710891336249944 57.058622831399376 56.40635432654881 55.75408582169824 55.10181731684767 54.449548811997104 53.797280307146536 53.14501180229597 52.49274329744541 51.84047479259483
79.24030020495918 78.89579361979943 78.55128703463969 78.20678044947994 77.86227386432017 77.51776727916042 77.17326069400069 76.48238057102895 75.78389147279029 75.08540237455159 74.38691327631292 73.68842417807426 72.98993507983559 72.29144598159691 71.58982096442236 70.87600498281684 70.1918354122324 69.57545556425103 68.94633319089391 68.32772981960682 67.70912644831974 67.09052307703266 66.47191970574556 65.85331633445847 65.23471296317138 64.6161095918843 63.99750622059721 63.37890284931011 62.76029947802303 62.14169610673594 61.198505729466284 60.41231163443403 59.92169046230017 59.28397374567058 58.63170524082001 57.97943673596944 57.32716823111888 56.67489972626831 56.02263122141773 55.37036271656717 54.7180942117166 54.065825706866036 53.41355720201547 52.66353449988159
80.78613806510748 80.44163147994772 80.09712489478797 79.75261830962822 79.19134539274128 78.49285629450262 77.79436719626395 77.09587809802525 76.39738899978659 75.69889990154792 75.00041080330924 74.30192170507055 73.60343260683189 72.90494350859322 72.20374034791428 71.48992436630876 70.79170895201302 70.15725716719828 69.52280538238355 68.88835359756882 68.2625069350904 67.64390356380332 67.02530019251623 66.40669682122915 65.78809344994205 65.16949007865497 64.55088670736788 63.932283336080786 63.31367996479371 62.69507659350662 62.07647322221952 61.14265196334512 60.56762549510823 60.077004322974375 59.55251914539007 58.90025064053951 58.18434219349388 57.42615531161529 56.66796842973672 55.90978154785813 55.151594665979545 54.39340778410097 53.635220902222386 52.87703402034381
82.33197592525576 81.90031021445361 81.20182111621494 80.50333201797626 79.8048429197376 79.10635382149891 78.40786472326025 77.70937562502158 77.01088652678291 76.31239742854422 75.61390833030555 74.91541923206688 74.2169301338282 73.51844103558953 72.81765973140621 72.10384374980069 71.43455049377722 70.80009870896251 70.16564692414778 69.53119513933304 68.89674335451832 68.26229156970359 67.62783978488885 66.99338800007413 66.35893621525939 65.72448443044468 65.10426719413854 64.48566382285146 63.86706045156436 63.24845708027728 62.6298537089902 62.0112503377031 61.213560527916286 60.72293935578243 60.05101507702905 59.21064218568123 58.39784171395609 57.63965483207751 56.881467950198925 56.123281068320345 55.36509418644176 54.60690730456318 53.852924679475 53.1315715616674
83.2122968396886 82.51380774144992 81.81531864321126 81.11682954497257 80.41834044673391 79.71985134849524 79.02136225025657 78.32287315201789 77.62438405377922 76.92589495554054 76.22740585730187 75.5289167590632 74.83042766082453 74.13193856258586 73.43157911489814 72.7177631332926 72.07739203554144 71.4429402507267 70.80848846591198 70.17403668109725 69.53958489628253 68.9051331114678 68.27068132665306 67.63622954183833 67.0017777570236 66.36732597220887 65.73287418739415 65.09842240257942 64.46397061776469 63.82951883294996 63.195067048135236 62.56463082447378 61.94602745318669 61.26229322672013 60.42192033537231 59.5815474440245 58.74117455267669 57.90080166132887 57.09496747066114 56.34579022134678 55.62443710353919 54.903083985731584 54.18173086792399 53.46037775011639
83.82579436668492 83.12730526844625 82.42881617020757 81.7303270719689 81.03183797373023 80.33334887549155 79.63485977725288 78.9363706790142 78.23788158077552 77.53939248253685 76.84090338429819 76.1424142860595 75.44392518782084 74.74543608958217 74.04549849839006 73.35468536212038 72.72023357730565 72.08578179249092 71.45133000767619 70.81687822286146 70.18242643804673 69.547974653232 68.91352286841729 68.27907108360255 67.64461929878782 67.01016751397309 66.37571572915836 65.74126394434364 65.10205051264221 64.44695352599788 63.79185653935358 63.13675955270927 62.48166256606497 61.65764574738401 60.817709458509064 59.97777316963411 59.13783688075916 58.297900591884215 57.47334924559911 56.68625773038452 55.95324329198817 55.231890174180585 54.51053705637298 53.789183938565394
84.44280901399769 83.74080279544256 83.04231369720388 82.34382459896521 81.64533550072655 80.94684640248786 80.2483573042492 79.54986820601052 78.85137910777183 78.15289000953317 77.4544009112945 76.75591181305582 76.05742271481715 75.35893361657847 74.65941788188198 73.99752690388459 73.36307511906986 72.72862333425513 72.0941715494404 71.45971976462566 70.82526797981095 70.19081619499622 69.53662560778568 68.88152862114138 68.22643163449706 67.57133464785277 66.91623766120846 66.26114067456416 65.60604368791985 64.95094670127554 64.29584971463123 63.64075272798693 62.98565574134262 62.06328585103267 61.223349562157715 60.38341327328277 59.54347698440782 58.703540695532865 57.90083929280059 57.113747777586 56.32665626237142 55.56069636262958 54.832820215144494 54.01815608874172
85.12091983238123 84.4173057580541 83.71369168372695 83.0100776093998 82.30646353507268 81.60284946074552 80.89923538641838 80.19562131209123 79.49200723776408 78.78839316343695 78.0847790891098 77.38116501478265 76.67755094045553 75.97393686612838 75.27482023046355 74.62629768957349 73.97120070292917 73.31610371628487 72.66100672964056 72.00590974299625 71.35081275635196 70.69571576970765 70.04061878306334 69.38552179641903 68.73042480977472 68.07532782313041 67.4202308364861 66.7651338498418 66.11003686319748 65.45493987655318 64.79984288990889 64.14474590326458 63.48964891662026 62.515383058562435 61.62898966580639 60.789053376931435 59.94911708805648 59.115420855216655 58.32832934000207 57.54123782478749 56.7541463095729 55.853247591100654 54.88997505394756 54.03639240181785
85.79903065076479 85.09541657643764 84.3918025021105 83.68818842778336 82.98457435345622 82.28096027912906 81.57734620480193 80.87373213047478 80.17011805614764 79.4665039818205 78.76288990749335 78.05927583316623 77.35566175883908 76.65204768451193 75.9161858856205 75.17059019794144 74.49148911792486 73.82009689156251 73.16499990491822 72.50990291827391 71.8548059316296 71.19970894498529 70.54461195834098 69.88951497169667 69.23441798505236 68.57932099840806 67.92422401176376 67.26912702511945 66.61403003847514 65.95893305183083 65.30383606518653 64.64873907854222 63.960086357959085 62.96873396909787 62.03462976945504 61.194693480580085 60.35475719170514 59.54291090241813 58.755819387203545 57.96872787198897 57.02705328095959 55.986821112603465 54.9941068107899 54.082396957961826
86.434130007732 85.7735273948212 85.06991332049407 84.3662992461669 83.66268517183977 82.95907109751263 82.25545702318549 81.55184294885834 80.8482288745312 80.14461480020405 79.4410007258769 78.73738665154977 78.03377257722262 77.3420663914706 76.56546649938578 75.74344882412798 75.0643477441114 74.3852466640948 73.7061455840782 73.02704450406162 72.35879910690726 71.70370212026293 71.04860513361862 70.39350814697433 69.73841116033 69.08331417368571 68.4282171870414 67.7731202003971 67.11802321375279 66.46292622710848 65.80782924046417 65.15273225381986 64.4134372684945 63.4220848796333 62.440269873103695 61.60033358422875 60.7603972953538 59.97040094961961 59.18330943440502 58.200858970818516 57.16062680246239 56.120394634106276 55.09823856763224 54.186528714804155
86.9755823170412 86.3474267410694 85.71927116509761 85.04441006455046 84.34079599022331 83.63718191589618 82.93356784156904 82.2299537672419 81.52633969291475 80.82272561858761 80.11911154426046 79.41549746993331 78.72297323505953 78.03306538430108 77.21474711315108 76.38098775485557 75.63720637029795 74.95810529028134 74.27900421026476 73.59990313024815 72.92080205023157 72.24170097021496 71.56259989019838 70.89750132225197 70.24240433560766 69.58730734896335 68.93221036231905 68.27711337567474 67.62201638903043 66.96691940238613 66.31182241574183 65.65672542909752 64.86678817902995 63.875435790168744 62.88408340130755 62.0059736878774 61.18498251203567 60.39789099682109 59.374664660677446 58.33443249232132 57.29420032396521 56.25396815560909 55.21373598725296 54.29066047164649
87.51703462635041 86.88887905037862 86.26072347440682 85.63256789843503 85.00441232246322 84.31529273427972 83.61167865995259 82.90806458562545 82.2044505112983 81.50083643697116 80.79722236264402 80.10388007864847 79.41397222789003 78.69778708521186 77.86402772691636 77.03026836862085 76.21006499648448 75.5309639164679 74.8518628364513 74.17276175643471 73.49366067641812 72.81455959640152 72.13545851638492 71.45635743636834 70.77725635635174 70.09815527633513 69.4362035375967 68.78110655095239 68.12600956430808 67.47091257766377 66.81581559101946 66.16071860437516 65.32013908956539 64.32878670070419 63.33743431184298 62.41161379152606 61.5887025188925 60.54847035053638 59.50823818218025 58.46800601382413 57.427773845468 56.387541677111884 55.347309508755764 54.39479222848883
88.05848693565963 87.43033135968783 86.80217578371604 86.17402020774423 85.54586463177243 84.91770905580064 84.28955347982884 83.586175404009 82.88256132968186 82.17894725535471 81.4847869222374 80.79487907147895 80.10497122072053 79.34706769897716 78.51330834068165 77.67954898238614 76.84578962409064 76.10382254265446 75.42472146263785 74.74562038262125 74.06651930260466 73.38741822258807 72.70831714257147 72.02921606255488 71.35011498253829 70.6710139025217 69.9919128225051 69.3128117424885 68.63371066247191 67.97490575294142 67.31980876629711 66.6647117796528 65.77349000010082 64.78213761123962 63.79078522237841 62.767494359160324 61.7222760403953 60.68204387203918 59.641811703683054 58.601579535326934 57.561347366970814 56.52111519861469 55.48088303025857 54.49892398533117
88.59993924496884 87.97178366899703 87.34362809302525 86.71547251705346 86.08731694108165 85.45916136510985 84.83100578913808 84.20285021316627 83.56067214806542 82.86569376582634 82.1757859150679 81.48587806430946 80.79597021355102 79.99634831274244 79.16258895444693 78.32882959615142 77.49507023785591 76.676681168841 75.9975800888244 75.3184790088078 74.63937792879122 73.96027684877463 73.28117576875803 72.60207468874144 71.92297360872483 71.24387252870825 70.56477144869166 69.88567036867506 69.20656928865847 68.52746820864186 67.84836712862528 67.16926604860868 66.19008273257548 65.148014850462 64.10594696834856 63.007625499617944 61.91877868365483 60.87109196110524 59.823405238555665 58.77571851600608 57.728031793456495 56.68034507090692 55.63265834835734 54.653053239016
89.14139155427806 88.51323597830626 87.88508040233447 87.25692482636268 86.62876925039087 86.01194942689077 85.43093661744216 84.84992380799352 84.17826166185341 83.4274311280065 82.73125696559033 82.03508280317416 81.33804013865661 80.58725630186203 79.81186956821222 78.97811020991671 78.1443508516212 77.31059149332569 76.57043871501095 75.89133763499436 75.21223655497778 74.53313547496117 73.85403439494458 73.17493331492798 72.4958322349114 71.8167311548948 71.1376300748782 70.45852899486161 69.77942791484502 69.05161778198956 68.25587983965559 67.46014189732162 66.47742313962559 65.43535525751213 64.39328737539869 63.266099148399505 62.11774973069891 61.070063008149326 60.02237628559975 58.97468956305016 57.92700284050058 56.87931611795101 55.83162939540142 54.89430000072669
89.68284386358727 89.07952032990349 88.49850752045487 87.91749471100624 87.33648190155762 86.755469092109 86.17445628266039 85.5498446814536 84.76139551027634 83.97294633909908 83.26671303224167 82.5705388698255 81.85974980727372 81.10896597047909 80.3581821336845 79.60739829688988 78.7936314653865 77.95987210709099 77.14329734119751 76.46419626118092 75.78509518116432 75.10599410114773 74.42689302113114 73.74779194111453 73.06869086109793 72.38958978108136 71.70050298276888 70.90476504043492 70.10902709810095 69.31328915576698 68.51755121343302 67.72181327109905 66.76476354667571 65.72269566456225 64.6806277824488 63.52457279718108 62.31672077774299 61.2690340551934 60.22134733264382 59.173660610094245 58.12597388754466 57.07828716499508 56.0306004424455 55.138910248513874
