tin.asc
NCOLS 251
NROWS 251
XLLCORNER 2
YLLCORNER 3
CELLSIZE 1
NODATA_VALUE -99999
[rows 57 to 75 of 251, columns 132 to 175 of 251]
100.81638965454202 99.92215000038942 99.02791034623681 98.13367069208422 97.23943103793161 96.37715701537697 95.42439772988966 94.39776948732464 93.3310399877206 92.26431048811656 91.19758098851251 90.13085148890849 89.06412198930444 87.91068433123085 86.74414502077596 85.57760571032107 84.49852380208881 83.48699418598522 82.47546456988162 81.46426061294716 80.47357729581516 79.4828939786832 78.49221066155121 77.50152734441923 76.71449334787474 75.85051561352215 74.79271874638043 73.76578429749091 72.90895270091153 72.05212110433216 71.19528950775279 70.3384579111734 69.48162631459404 68.42672759157973 67.31761553190083 66.2085034722219 65.13963883566021 64.09440940450118 63.04917997334215 62.00395054218312 60.9587211110241 59.91349167986507 58.86868349366351 57.8829172829802
100.72113846318638 99.81362183871137 98.93356495155798 98.06676266924856 97.19996038693911 96.30805027334648 95.27129105040514 94.20456155080109 93.13783205119705 92.07110255159301 91.00437305198898 89.90710164571519 88.74056233526031 87.6374921638589 86.62596254775528 85.61443293165169 84.60290331554808 83.59137369944446 82.57984408334087 81.5870376991632 80.59635438203122 79.60567106489924 78.61498774776726 77.62430443063528 76.6336211135033 75.70509078101456 74.75885932915327 73.90202773257388 73.04519613599453 72.18836453941515 71.33153294283578 70.47470134625641 69.61786974967703 68.60215483165294 67.49304277197402 66.38393071229511 65.2748186526162 64.20449652608545 63.159267094926406 62.114037663767384 61.06880823260836 60.02357880144933 58.97834937029031 57.988686844740236
100.70630343158811 99.79878680711309 98.89127018263808 97.98375355816309 97.07623693368808 96.05352209397712 95.00549750196518 93.95747290995322 92.94462411467352 91.87789461506947 90.77646052562896 89.76493090952533 88.75340129342173 87.74187167731813 86.73034206121454 85.71881244511093 84.70728282900731 83.69575321290372 82.70049810251123 81.70981478537927 80.71913146824728 79.7284481511153 78.73776483398332 77.75423960278766 76.78077351008369 75.80730741737972 74.89510276423626 74.03827116765689 73.1814395710775 72.32460797449814 71.46777637791877 70.61094478133938 69.75411318476002 68.77758207172616 67.66847001204724 66.55935795236832 65.4502458926894 64.3411338330105 63.26935421651068 62.22412478535165 61.178895354192626 60.13366592303359 59.08843649187457 58.09445640650028
100.69146839998984 99.78395177551482 98.87643515103983 97.96891852656482 97.00615996722385 95.92569957846611 94.87280102589534 93.82477643388339 92.77675184187143 91.75219917702316 90.80051783298343 89.84883648894372 88.857780806881 87.8462511907774 86.83472157467378 85.82319195857018 84.81166234246658 83.81395850585928 82.8232751887273 81.83259187159531 80.85806711863208 79.8846010259281 78.91113493322413 77.93766884052016 76.96420274781619 75.9907366551122 75.04806008925588 74.17451460273986 73.3176830061605 72.46085140958111 71.60401981300174 70.74718821642236 69.890356619843 68.95300931179935 67.84389725212046 66.73478519244154 65.62567313276261 64.5165610730837 63.407449013404786 62.334211906935906 61.288982475776876 60.243753044617854 59.198523613458825 58.20022596826031
100.67663336839156 99.76911674391656 98.86160011944155 97.95408349496654 96.88403728651802 95.8035768977603 94.7401045498255 93.69207995781353 92.64405536580159 91.61974291711626 90.66806157307654 89.71638022903682 88.7646988849971 87.81301754095736 86.86133619691765 85.90965485287794 84.93536072718047 83.96189463447651 82.98842854177252 82.01496244906855 81.04149635636458 80.0680302636606 79.09456417095663 78.12109807825266 77.14763198554868 76.1741658928447 75.21249100572868 74.316510468984 73.45392644124348 72.5970948446641 71.74026324808473 70.88343165150536 70.02660005492599 69.12843655187257 68.01932449219365 66.91021243251474 65.80110037283583 64.69198831315691 63.58287625347799 62.473764193799084 61.39906959736115 60.35384016620212 59.30861073504309 58.30599553002035
100.66179833679331 99.75428171231829 98.84676508784328 97.84237499456995 96.76191460581221 95.68145421705448 94.60740807375565 93.5593834817437 92.51135888973175 91.48728665720937 90.53560531316964 89.58392396912991 88.63224262509019 87.68056128105047 86.72887993701076 85.84025778404919 85.12807786339681 84.14532387220899 83.17185777950502 82.19839168680106 81.22492559409707 80.2514595013931 79.27799340868913 78.30452731598514 77.33106122328117 76.35759513057721 75.38412903787324 74.4809413854568 73.59016987632646 72.73333827974709 71.87650668316772 71.01967508658834 70.16284349000897 69.30386379194576 68.19475173226687 67.08563967258794 65.97652761290902 64.86741555323012 63.758303493551196 62.64919143387229 61.540079374193375 60.463927287786376 59.41869785662735 58.41176509178038
100.64696330519504 99.73944668072004 98.80071270262187 97.72025231386412 96.63979192510638 95.55933153634864 94.4788711475909 93.42668700567384 92.3786624136619 91.35483039730246 90.40314905326275 89.45146770922302 88.4997863651833 87.54810502114357 86.59642367710384 85.89585309053594 85.2234551389632 84.33896228036855 83.35528701723752 82.38182092453354 81.40835483182957 80.4348887391256 79.46142264642162 78.48795655371765 77.51449046101366 76.54102436830969 75.56755827560573 74.64537230192958 73.74939176518491 72.86958171483008 72.0127501182507 71.15591852167132 70.29908692509196 69.44225532851257 68.37017897234007 67.26106691266115 66.15195485298224 65.04284279330332 63.93373073362442 62.8246186739455 61.71550661426658 60.60639455458767 59.52878497821161 58.517534653540416
100.63212827359678 99.72461164912177 98.67859002191605 97.59812963315831 96.51766924440057 95.43720885564282 94.35674846688508 93.293990529604 92.24596593759206 91.22237413739556 90.27069279335583 89.31901144931612 88.3673301052764 87.41564876123668 86.62384634859544 85.95144839702272 85.27905044545 84.5446227069042 83.54984669734029 82.56525016226604 81.59178406956205 80.6183179768581 79.64485188415412 78.67138579145015 77.69791969874618 76.72445360604219 75.75098751333823 74.80980321840238 73.9138226816577 73.017842144913 72.1489935533337 71.29216195675431 70.43533036017494 69.57849876359558 68.54560621241328 67.43649415273437 66.32738209305545 65.21827003337654 64.10915797369762 63.000045914018706 61.890933854339785 60.78182179466088 59.672709734981964 59.05793621611783
100.61729324199851 99.63692772996797 98.55646734121022 97.47600695245248 96.39554656369475 95.315086174937 94.23462578617927 93.16129405353416 92.11326946152221 91.08991787748866 90.13823653344895 89.18655518940922 88.23487384536949 87.35183960665495 86.67944165508221 86.00704370350948 85.33464575193676 84.66224780036401 83.75550712387594 82.76073111431202 81.77521330729456 80.80174721459059 79.82828112188662 78.85481502918265 77.88134893647866 76.9078828437747 75.93441675107071 74.97423413487518 74.07825359813049 73.18227306138581 72.28629252464113 71.4284053918373 70.57157379525792 69.71474219867855 68.7210334524865 67.61192139280757 66.50280933312865 65.39369727344975 64.28458521377084 63.17547315409191 62.066361094413 60.95724903473409 60.31425998905589 60.02887840167608
100.5952654380199 99.51480504926215 98.4343446605044 97.35388427174667 96.27342388298892 95.19296349423118 94.11250310547344 93.0320427167157 91.98057298545237 90.95746161758177 90.00578027354204 89.05409892950233 88.1024175854626 87.40743491314171 86.735036961569 86.06263900999625 85.39024105842353 84.7178431068508 83.96116755041159 82.96639154084768 81.97161553128376 80.98517645232307 80.01171035961912 79.03824426691514 78.06477817421116 77.09131208150718 76.11784598880321 75.14437989609924 74.24268451460327 73.3467039778586 72.45072344111391 71.56464882692028 70.70781723034091 69.85098563376154 68.8964606925597 67.78734863288078 66.67823657320187 65.56912451352297 64.46001245384404 63.350900394165116 62.24178833448621 61.69531806882212 61.27680614207389 60.97264761192061
100.47314275731406 99.39268236855632 98.31222197979858 97.23176159104084 96.1513012022831 95.07084081352536 93.99038042476762 92.90992003600988 91.84787650938253 90.82500535767487 89.87332401363514 88.92164266959541 88.13542817120121 87.46303021962848 86.79063226805576 86.11823431648303 85.44583636491029 84.77343841333757 84.10104046176484 83.17205196738334 82.1772759578194 81.1824999482555 80.19513959735161 79.22167350464763 78.24820741194365 77.2747413192397 76.30127522653571 75.32780913383174 74.40711543107608 73.51113489433138 72.6151543575867 71.71917382084202 70.8440606654239 69.98722906884451 69.0718879326329 67.96277587295398 66.85366381327508 65.74455175359617 64.63543969391725 63.52632763423833 63.076376148588345 62.65786422184011 62.23935229509187 61.91641682216511
100.35102007660824 99.2705596878505 98.19009929909276 97.10963891033504 96.0291785215773 94.94871813281955 93.86825774406181 92.78779735530405 91.71518003331269 90.69254909776795 89.74086775372825 88.86342142926071 88.19102347768799 87.51862552611526 86.84622757454252 86.1738296229698 85.50143167139706 84.82903371982434 84.15663576825162 83.37771239391898 82.38293638435506 81.38816037479114 80.39338436522723 79.40510274238014 78.43163664967615 77.45817055697218 76.48470446426819 75.51123837156423 74.57154634754886 73.67556581080417 72.7795852740595 71.88360473731481 70.98762420057012 70.1234725039275 69.24731517270611 68.13820311302719 67.02909105334828 65.91997899366936 64.8759461551028 64.45743422835457 64.03892230160633 63.6204103748581 63.201898448109866 62.86018603240962
100.22889739590242 99.14843700714468 98.06797661838694 96.9875162296292 95.90705584087145 94.8265954521137 93.74613506335596 92.66567467459822 91.58521428584048 90.56009283786106 89.60841149382134 88.91901673574748 88.24661878417476 87.57422083260202 86.90182288102929 86.22942492945657 85.55702697788385 84.8846290263111 84.21223107473838 83.53983312316565 82.58859681089072 81.5938208013268 80.59904479176288 79.60426878219897 78.61506588740865 77.64159979470467 76.6681337020007 75.69466760929672 74.73597726402164 73.83999672727697 72.9440161905323 72.04803565378761 71.15205511704292 70.25971593901049 69.40288434243112 68.31363035310041 67.20451829342149 66.25700423486902 65.83849230812078 65.41998038137255 65.00146845462432 64.58295652787609 64.16444460112785 63.80395524265414
100.10677471519661 99.02631432643886 97.94585393768112 96.86539354892336 95.78493316016564 94.7044727714079 93.62401238265015 92.54355199389241 91.46309160513466 90.42763657795417 89.64700999380698 88.97461204223426 88.30221409066154 87.6298161390888 86.95741818751607 86.28502023594334 85.61262228437062 84.94022433279787 84.26782638122516 83.59542842965242 82.79425723742636 81.79948122786246 80.80470521829854 79.80992920873462 78.81515319917071 77.82502903243717 76.8515629397332 75.87809684702923 74.90463075432524 74.00442764374976 73.10844710700508 72.2124665702604 71.31648603351572 70.42050549677103 69.5391277775141 68.48905759317361 67.63806231463525 67.21955038788701 66.80103846113877 66.38252653439054 65.96401460764231 65.54550268089407 65.12699075414584 64.74772445289865
100.22898817268867 99.12125011084527 98.01351204900187 96.9057739871585 95.79803592531509 94.6902978634717 93.58255980162829 92.47482173978491 91.36708367794154 90.37500325186649 89.70260530029375 89.03020734872104 88.35780939714829 87.68541144557557 87.01301349400285 86.34061554243011 85.66821759085738 84.99581963928465 84.32342168771193 83.6510237361392 82.97862578456646 82.0051416543981 81.0103656448342 80.01558963527027 79.02081362570635 78.02603761614245 77.0349921774657 76.06152608476172 75.08805999205775 74.16885856022255 73.27287802347787 72.37689748673318 71.4809169499885 70.58493641324384 69.68895587649914 69.01912039440147 68.60060846765323 68.182096540905 67.76358461415677 67.34507268740853 66.92656076066031 66.50804883391207 66.08953690716383 65.69149366314315
100.33338503782775 99.28227878619552 98.17454072435213 97.06680266250874 95.95906460066533 94.85132653882195 93.74358847697856 92.63585041513517 91.52811235329176 90.55836229666656 89.76135357514093 89.0858026552078 88.41340470363507 87.74100675206235 87.06860880048961 86.3962108489169 85.72381289734416 85.05141494577143 84.3790169941987 83.70661904262596 83.03422109105324 82.21080208093376 81.21602607136984 80.22125006180593 79.22647405224201 78.23169804267809 77.23692203311418 76.2449553224942 75.27148922979025 74.33328947669534 73.43730893995065 72.54132840320598 71.64534786646131 70.861903138072 70.45170554264868 70.04150794722537 69.56315462067123 69.14464269392299 68.72613076717475 68.30761884042653 67.88910691367829 67.47059498693007 67.05208306018183 66.63526287338767
100.38567134249587 99.3477127069919 98.3097540714879 97.22783133785896 96.12009327601558 95.01235521417217 93.9046171523288 92.79687909048539 91.74137840677712 90.80813775104129 89.87489709530544 89.14882193107663 88.4715565309749 87.79660205854911 87.12420410697638 86.45180615540366 85.77940820383093 85.10701025225819 84.43461230068547 83.76221434911274 83.08981639754 82.4164625074694 81.42168649790548 80.42691048834158 79.43213447877767 78.43735846921373 77.44258245964983 76.4478064500859 75.45491846752275 74.49772039316815 73.60173985642346 72.70575931967878 72.29395620039686 71.88375860497354 71.47356100955022 71.06336341412691 70.65316581870361 70.10718884694097 69.68867692019276 69.27016499344451 68.85165306669629 68.43314113994805 68.01462921319983 67.59611728645159
100.43795764716401 99.39999901166001 98.36204037615603 97.32408174065203 96.28112195136582 95.17338388952243 94.06564582767902 92.95790776583563 91.99115386115184 91.05791320541601 90.12467254968018 89.21355568711408 88.53629028701232 87.85902488691059 87.18175948680883 86.50740146189042 85.83500351031769 85.16260555874497 84.49020760717225 83.8178096555995 83.14541170402677 82.47301375245407 81.62734692444114 80.63257091487722 79.63779490531331 78.6430188957494 77.64824288618547 76.65346687662156 75.65869086705766 74.66488161255126 74.13620685814502 73.72600926272172 73.3158116672984 72.90561407187508 72.49541647645178 72.08521888102845 71.67502128560514 71.26482369018183 70.65122307321073 70.23271114646249 69.81419921971428 69.39568729296604 68.9771753662178 68.55866343946958
100.49024395183216 99.45228531632816 98.41432668082417 97.37636804532018 96.33840940981617 95.30045077431218 94.22667450302927 93.17416997126242 92.24092931552659 91.30768865979076 90.37444800405491 89.44120734831908 88.60102404304976 87.92375864294802 87.24649324284628 86.56922784274454 85.89196244264281 85.21820086523175 84.54580291365902 83.87340496208628 83.20100701051356 82.52860905894083 81.8330073509768 80.83823134141288 79.84345533184897 78.84867932228505 77.85390331272113 76.85912730315722 75.8643512935933 75.33993113379296 75.02536561400245 74.72916477079531 74.33766713419995 73.92746953877663 73.51727194335332 73.10707434793 72.6968767525067 72.28667915708338 71.87648156166007 71.23102369301517 70.77674537273226 70.35823344598403 69.9397215192358 69.52120959248757
