tin.asc
NCOLS 251
NROWS 251
XLLCORNER 2
YLLCORNER 3
CELLSIZE 1
NODATA_VALUE -99999
[rows 38 to 56 of 251, columns 176 to 219 of 251]
57.09771186692851 56.1820643397911 55.27190567443401 54.3773680992589 53.482830524083795 52.58829294890869 51.69375537373358 50.79921779855847 49.904680223383366 49.36208376505901 48.97922847886924 48.596373192679465 48.21351790648969 47.85819853894911 47.56267234930605 47.26714615966297 46.97161997001989 46.676093780376824 46.380225961135196 46.07604727797407 45.75595132381995 45.433027438090846 45.11010355236175 44.787179666632646 44.48307760308154 44.231203767699846 44.031957926856634 43.83271208601343 43.747374554486555 43.7643455501412 43.78131654579583 43.79828754145047 43.81525853710511 43.832229532759754 43.849200528414386 43.85916090128788 43.86419850971271 43.869236118137536 43.88630351246788 43.93107771821815 43.940319397121726 43.88232480370064 43.82433021027956 43.76633561685847
57.033873901353815 56.1182263742164 55.20257884707898 54.28693131994156 53.38368249217146 52.48914491699635 51.594607341821245 50.700069766646145 49.85243438846582 49.469579102276036 49.086723816086256 48.7126607803649 48.41713459072183 48.12160840107876 47.82608221143568 47.53055602179261 47.235029832149536 46.93950364250647 46.64333864796323 46.33915996480211 46.02582585637603 45.702901970646934 45.37997808491783 45.06174282280767 44.76194018005957 44.52283294818034 44.32358710733712 44.13353701510762 44.15050801076226 44.167479006416904 44.18445000207154 44.201420997726174 44.21839199338081 44.235362989035444 44.2523339846901 44.26930498034473 44.27660155691005 44.28163916533488 44.29473013131416 44.339504337064426 44.31759678208921 44.259602188668126 44.20160759524705 44.143613001825955
56.97003593577911 56.0543884086417 55.13874088150428 54.22309335436687 53.307445827229444 52.391798300092034 51.49545930990892 50.60092173473381 49.959929725682834 49.57707443949306 49.27159683213761 48.97607064249454 48.68054445285147 48.385018263208394 48.08949207356531 47.79396588392224 47.49843969427917 47.2029135046361 46.90645133479127 46.60227265163015 46.29570038893212 45.97277650320302 45.64985261747392 45.34060539978571 45.0408027570376 44.81446212866082 44.61521628781761 44.53667047138333 44.55364146703796 44.5706124626926 44.58758345834725 44.604554454001885 44.62152544965652 44.63849644531116 44.65546744096579 44.67243843662044 44.689004604107396 44.69404221253223 44.70315675016044 44.7479309559107 44.694874167056696 44.63687957363561 44.578884980214525 44.520890386793454
56.90619797020441 55.990550443066994 55.07490291592957 54.15925538879216 53.24360786165474 52.32796033451733 51.412312807379905 50.501773702821474 50.12605907355339 49.83053288391032 49.53500669426725 49.239480504624176 48.943954314981106 48.64842812533803 48.35290193569496 48.05737574605188 47.761849556408805 47.466323366765735 47.169564021619315 46.865385338458196 46.56120665529706 46.242651035759096 45.91972715003 45.619467976763744 45.31966533401563 45.106091309141306 44.92283293200439 44.93980392765903 44.956774923313674 44.97374591896831 44.99071691462294 45.00768791027758 45.02465890593222 45.041629901586866 45.058600897241504 45.075571892896136 45.092542888550774 45.10644525972956 45.11158336900671 45.130146145445266 45.07215155202418 45.014156958603095 44.95616236518202 44.92327556914588
56.84236000462971 55.926712477492295 55.01106495035488 54.095417423217455 53.179769896080046 52.26412236894262 51.3484748418052 50.440024723167745 50.20192095193476 49.96381718070178 49.725713409468796 49.487609638235824 49.20736417711074 48.91183798746767 48.616311797824594 48.32078560818152 48.02525941853844 47.72973322889538 47.43267670844735 47.12849802528624 46.82431934212511 46.51252556831518 46.19813319648988 45.89833055374177 45.59852791099367 45.39772048962179 45.3259663882801 45.34293738393473 45.35990837958937 45.376879375244016 45.393850370898654 45.410821366553286 45.42779236220793 45.44476335786256 45.4617343535172 45.47870534917185 45.49567634482649 45.51264734048112 45.523885915351734 45.507423530412744 45.45009334658273 45.41922659689978 45.377283683980366 45.32672544359639
56.77852203905501 55.86287451191759 54.94722698478018 54.031579457642756 53.11593193050534 52.20028440336792 51.24285762670889 50.412395016516044 50.17429124528306 49.93618747405007 49.6980837028171 49.459979931584115 49.22187616035113 48.98377238911815 48.74566861788517 48.50756484665219 48.2694610754192 47.993143091025004 47.6957893952754 47.39161071211427 47.087432028953145 46.78240010087127 46.476995773467905 46.1771931307198 45.88859551094549 45.71212884890116 45.7290998445558 45.746070840210436 45.76304183586508 45.78001283151971 45.79698382717436 45.81395482282899 45.83092581848363 45.84789681413827 45.864867809792905 45.88183880544754 45.89880980110219 45.91578079675683 45.93169992440104 45.88813347828687 45.83757523790288 45.787016997518904 45.736458757134926 45.68590051675095
56.71468407348031 55.79903654634289 54.883389019205474 53.96774149206806 53.050620596434015 52.09106542847624 51.13151026051845 50.384765309864335 50.14666153863135 49.908557767398364 49.670453996165385 49.432350224932414 49.19424645369943 48.95614268246644 48.718038911233464 48.47993514000048 48.2418313687675 48.02716488016595 47.94529252192069 47.73729958231492 47.42948533504661 47.12167108777831 46.75585835044593 46.456055707697836 46.18022469142598 46.11526230517686 46.13223330083151 46.14920429648615 46.166175292140785 46.18314628779542 46.20011728345006 46.2170882791047 46.23405927475934 46.24936515871263 46.26457685924559 46.27978855977855 46.295000260311504 46.31021196084448 46.28517896021195 46.24730855144142 46.19675031105744 46.146192070673465 46.095633830289486 46.04507558990551
56.6508461079056 55.735198580768184 54.81955105363077 53.89882839820136 52.93927323024358 51.97971806228581 51.02016289432804 50.357135603212626 50.11903183197965 49.88092806074667 49.64282428951368 49.404720518280705 49.166616747047726 48.92851297581474 48.690409204581755 48.452305433348776 48.276961943307285 48.15840153149274 48.11023868969431 48.06207584789588 47.814297612290694 47.5064833650224 47.15530080106747 46.73491828467586 46.50142476579793 46.518395761452574 46.535366757107205 46.55181869249126 46.567030393024226 46.582242093557184 46.59745379409014 46.6126654946231 46.62787719515607 46.64308889568902 46.658300596221984 46.67351229675494 46.68872399728791 46.66532110293326 46.63680195927109 46.60648362459598 46.55592538421201 46.50536714382803 46.454808903444054 46.40425066306007
56.5870081423309 55.67136061519348 54.747036199968704 53.78748103201092 52.82792586405316 51.868370696095376 50.9088155281376 50.329505896560924 50.091402125327946 49.85329835409496 49.61519458286198 49.377090811629 49.13898704039602 48.90088326916304 48.69175869425946 48.52675900644862 48.371510541064794 48.323347699266364 48.27518485746794 48.227022015669505 48.178859173871075 47.89129564226648 47.583481394998174 47.15031555757354 46.90565646072356 46.91511902840175 46.9303307289347 46.945542429467665 46.96075413000062 46.97596583053358 46.99117753106654 47.0063892315995 47.02160093213246 47.03681263266542 47.05202433319839 47.06723603373135 47.04546324565459 47.0169441019924 46.98842495833022 46.95990581466804 46.91510045736656 46.86454221698259 46.81398397659861 46.76342573621463
56.523170176756196 55.59524400173605 54.63568883377827 53.676133665820494 52.71657849786271 51.757023329904946 50.797468161947165 50.30187618990922 50.06377241867624 49.82566864744325 49.58756487621027 49.349461104977294 49.11135733374431 48.94155575740079 48.77655606958996 48.61155638177912 48.536456708838415 48.48829386703999 48.44013102524157 48.39196818344313 48.34380534164471 48.27610791951056 47.968293672242254 47.57883800738521 47.354913022597735 47.33119201630545 47.324054465911104 47.33926616644406 47.35447786697702 47.36968956750998 47.38490126804294 47.400112968575904 47.415324669108855 47.430536369641814 47.44574807017479 47.4256053883759 47.39708624471372 47.36856710105154 47.34004795738935 47.31152881372717 47.27427553052113 47.223717290137145 47.17315904975317 47.12260080936919
56.44345180350339 55.48389663554561 54.524341467587846 53.564786299630065 52.60523113167229 51.64567596371451 50.68612079575674 50.274246483257514 50.03614271202453 49.79803894079155 49.559935169558564 49.35635250835297 49.191352820542136 49.02635313273128 48.86135344492045 48.749565718410466 48.70140287661205 48.653240034813614 48.60507719301519 48.55691435121676 48.50875150941833 48.4605886676199 48.353105949486334 48.00736045719687 47.804169584471914 47.780448578179616 47.75672757188734 47.73300656559505 47.74820160395342 47.76341330448638 47.778625005019336 47.793836705552295 47.80904840608526 47.82426010661821 47.80574753109722 47.77722838743504 47.74870924377285 47.72019010011067 47.69167095644849 47.6631518127863 47.6334506036757 47.58289236329171 47.532334122907734 47.48177588252375
56.33210443731296 55.37254926935519 54.412994101397416 53.453438933439635 52.49388376548186 51.53432859752408 50.574773429566314 50.246616776605805 50.008513005372826 49.77114925930515 49.6061495714943 49.441149883683465 49.27615019587262 49.11115050806178 48.962674727982524 48.9145118861841 48.86634904438567 48.81818620258724 48.77002336078881 48.721860518990376 48.67369767719195 48.62553483539352 48.577371993595094 48.430103979462125 48.25342614634609 48.2297051400538 48.20598413376152 48.18226312746923 48.15854212117693 48.157137041462775 48.172348741995734 48.18756044252869 48.20277214306166 48.18588967381854 48.157370530156356 48.12885138649417 48.10033224283198 48.0718130991698 48.04329395550762 48.014774811845434 47.98625566818325 47.94206743644627 47.891509196062295 47.82036018008849
56.22075707112253 55.26120190316475 54.30164673520699 53.342091567249206 52.382536399291425 51.42298123133365 50.46342606337588 50.2189870699541 50.020946322446484 49.855946634635636 49.6909469468248 49.52594725901396 49.360947571203106 49.19594788339227 49.12762089575615 49.079458053957715 49.031295212159286 48.98313237036086 48.93496952856244 48.886806686764004 48.83864384496558 48.79048100316715 48.742318161368715 48.7116480350613 48.72895150759241 48.678961701927975 48.6552406956357 48.631519689343406 48.607798683051115 48.58407767675882 48.56607247897213 48.5812841795051 48.56603181653985 48.53751267287767 48.50899352921549 48.4804743855533 48.45195524189112 48.42343609822893 48.39491695456676 48.36639781090457 48.337878667242386 48.30124250960083 48.250684269216855 48.12135219425367
56.26210494342989 55.27607626749497 54.29004759156005 53.304018915625136 52.31799023969022 51.331961563755286 50.43574307339866 50.27074338558782 50.10574369777697 49.94074400996613 49.77574432215529 49.61074463434445 49.44574494653361 49.340729905328196 49.29256706352977 49.244404221731344 49.196241379932914 49.14807853813449 49.09991569633606 49.051752854537625 49.02164807928675 49.17833077031089 49.33501346133504 49.491696152359175 49.522544697539665 49.46380640703656 49.40506811653344 49.34632982603033 49.28759153552723 49.22885324502411 49.170114954521004 49.110122085176094 49.04683913140295 48.98355617762981 48.92027322385666 48.85699027008352 48.80357824095025 48.77505909728808 48.746539953625884 48.71802080996371 48.689501666301524 48.6604175827554 48.55963306097902 48.44033538989707
56.36810404361039 55.38207536767547 54.39604669174055 53.41001801580564 52.423989339870715 51.4379606639358 50.836784784667415 50.41721703070899 50.19054107310747 50.02554138529663 49.860541697485786 49.69554200967494 49.553838914900254 49.505676073101824 49.457513231303395 49.409350389504965 49.36118754770654 49.33164812351222 49.48833081453636 49.6450135055605 49.801696196584636 49.95837888760879 50.11506157863292 50.271744269657056 50.3383411238573 50.257399596983795 50.19866130648069 50.13992301597759 50.081184725474465 50.022446434971364 49.96370814446826 49.903772454606994 49.840489500833854 49.77720654706071 49.71392359328756 49.65064063951442 49.587357685741274 49.524074731968135 49.46079177819499 49.39750882442185 49.3342258706487 49.164360652342765 48.932910287565804 48.81247511979931
56.474072825256734 55.488074467855974 54.50204579192106 53.51601711598614 52.52998844005122 51.71780237781242 51.27354502444824 50.843850526051355 50.430850560133194 50.110338760627116 49.94533907281628 49.780339385005426 49.718785082673875 49.670622240875446 49.641648167737685 49.79833085876182 49.95501354978596 50.111696240810105 50.268378931834235 50.42506162285838 50.581744313882524 50.738427004906654 50.8951096959308 51.051792386954936 51.15872017242563 51.05099278693105 50.99225449642794 50.933516205924825 50.87477791542172 50.8160396249186 50.757301334415494 50.697422824037886 50.634139870264754 50.570856916491614 50.50757396271847 50.44429100894532 50.381008055172174 50.31772510139904 50.25444214762589 50.19115919385275 50.104759319140335 49.70410229621618 49.33620287052284 49.21576770275635
56.57984238701678 55.59407356803648 54.60804489210156 53.62201621616664 52.635987540231724 52.15456261759324 51.710305264229056 51.27048402139372 50.85748405547556 50.444484089557406 50.03148412363924 49.95164821196314 50.10833090298728 50.26501359401142 50.42169628503555 50.578378976059696 50.73506166708384 50.89174435810797 51.048427049132115 51.20510974015626 51.36179243118039 51.51847512220455 51.67515781322868 51.831840504252824 51.97909922099397 51.86670413376126 51.78584768637518 51.72710939587207 51.66837110536896 51.609632814865854 51.55089452436273 51.4910731934688 51.42779023969565 51.36450728592251 51.30122433214937 51.23794137837623 51.17465842460308 51.111375470829934 51.048092517056794 50.98480956328365 50.63600333985928 50.243843940089604 49.852100547460246 49.61906028571339
56.68561194877682 55.6998457380935 54.71404399228206 53.72801531634714 53.03558021073826 52.59132285737407 52.14706550400987 51.70280815064569 51.284117550817925 50.871117584899764 50.55596841595689 50.73180820060494 50.88837902028516 51.0450617113093 51.20174440233343 51.35842709335758 51.51510978438172 51.671792475405866 51.828475166429996 51.98515785745414 52.141840548478285 52.29852323950242 52.45520593052655 52.611888621550705 52.76857131257484 52.6870831823296 52.57944087632242 52.52070258581931 52.46196429531621 52.40322600481309 52.344487714309984 52.2847235628997 52.22144060912655 52.158157655353406 52.09487470158027 52.03159174780713 51.96830879403399 51.90502584026083 51.84174288648769 51.578899134246065 51.1753289765924 50.78358558396303 50.39184219133367 50.022352868670424
56.79138151053685 55.805615299853535 54.81984908917022 53.91659780388326 53.47234045051907 53.02808309715489 52.58382574379069 52.139568390426504 51.71075104616028 51.29775108024213 51.35633136613192 51.51247753999454 51.66862371385716 51.82510982860718 51.98179251963132 52.13847521065546 52.2951579016796 52.45184059270374 52.60852328372788 52.76520597475202 52.921888665776166 53.078571356800296 53.23525404782444 53.39193673884858 53.548619429872716 53.50746223089794 53.39506714366522 53.31429577576656 53.25555748526345 53.19681919476034 53.13808090425723 53.0783739323306 53.01509097855745 52.95180802478431 52.88852507101117 52.825242117238034 52.76195916346488 52.69867620969174 52.52179492863284 52.11014315496501 51.715070620465816 51.32332722783645 50.931583835207086 50.53984044257772
